767
1183
73
607
1768
120
1644
24
1695
1358
40
1418
2011
43
1196
56
621
735
728
389
390
237
1825
1632
1830
79
205
85
99
335
1757
1485
1590
112
1343
493
1815
1140
1405
1669
1966
490
1835
134
1056
135
587
252
575
1401
1645
1349
2009
994
500
1710
1096
1937
1591
182
183
1262
186
970
278
1007
1841
884
218
1840
751
1434
1477
1700
1110
249
1866
690
356
1031
273
275
814
1557
1108
717
638
2015
1604
1743
1200
1620
997
1869
1922
334
336
340
2048
674
353
995
1751
366
1539
397
403
1171
406
659
411
413
894
420
1298
431
1483
435
764
715
446
451
480
1838
887
934
986
1778
519
521
2010
1664
838
742
1641
1185
581
737
809
1385
1725
1324
1244
759
840
716
978
916
1363
752
786
830
851
1274
1269
910
940
947
1001
1120
1265
1475
1207
1234
1261
1315
1622
1370
1904
1605
