971
305
3041
117
6017
7632
2845
1630
32322
628
1616
2870
690
2672
3936
9866
10081
33553
1404
159
6933
7113
4265
79
1742
3227
12480
20841
31689
31818
2428
3764
2677
2715
5800
11127
22283
99175
2418
5431
72431
1360
10097
57034
3616
9954
11734
15262
35106
8188
2414
2441
42341
4391
7278
14554
25056
69174
34569
65350
955
1087
6284
9075
9250
12141
32401
38277
41212
52096
53620
54568
57457
57822
62358
62619
67151
71069
74378
75083
78517
89641
114328
6853
6864
52552
60416
593
2156
631
1780
6994
4379
1316
1737
74735
90861
10484
24633
23559
27259
6957
82404
99709
3498
11506
116113
53849
2492
6085
36756
487
12852
2720
2761
6469
11765
24478
24596
25677
28369
29350
45268
50914
52462
65604
74905
11158
12150
1077
1670
8484
2132
23147
31035
47619
548
8187
47385
9541
1915
47310
17153
64474
4609
10359
20992
25931
29924
48372
49801
55893
55967
64862
78833
81465
96354
69535
83493
110855
1367
31478
94678
48683
117332
7208
1730
3510
4055
4665
5810
20745
96842
66181
69327
103209
108227
37872
87571
8267
7076
13333
24572
40392
44906
940
947
84597
11730
9592
89868
43335
96069
19631
19398
25217
26885
6896
1127
19284
84335
86696
21305
1248
2858
23752
49637
6269
55919
51237
5181
86773
101067
8850
26900
5225
1983
3843
4299
9264
13605
17639
22603
23542
29314
47195
52611
10129
24425
78686
14261
15314
37506
9726
111903
1617
25415
9049
9475
17523
1651
4121
14668
11296
33952
71478
7733
12608
13576
28611
33300
37811
40556
43308
44613
51471
50326
68822
94493
99118
23254
15012
22422
4528
15277
19640
24254
32618
34626
44769
56143
60408
99552
58160
45628
25385
11131
35487
5285
3000
85002
45994
2342
10201
2011
2039
64786
10930
7372
64752
68965
17131
26717
13000
27097
66608
9685
40279
3424
16286
18873
19612
26884
6707
10475
13609
16955
21438
34723
2520
44223
14326
66317
83785
52668
7785
9616
18909
25088
44999
53425
27272
46985
42762
95460
25902
30117
54384
2601
3310
24250
26819
36418
42507
43437
46188
47591
66339
70864
74280
81333
20353
57684
36698
40434
84893
34304
54114
82271
23361
18018
44416
47054
14409
51411
41946
2790
15439
82058
18081
4802
23981
11758
124802
54125
13676
73043
2975
104118
21516
35312
92159
68820
3077
94243
20003
57608
7393
78419
89729
38164
23491
3287
51654
37450
22659
44736
25329
37250
3486
50556
43829
121238
3587
56000
60343
89832
98881
104919
116689
117035
117055
127875
128432
15320
17129
74914
46364
22380
119520
5334
11309
13544
15413
18360
84026
6678
26347
32278
72571
4151
3854
4830
16424
21127
36224
74300
52204
88238
12529
82346
8776
42040
79975
104882
105259
111973
120810
44939
12260
65868
4023
4061
4079
4139
4162
65207
126849
9493
16625
22958
27617
28771
38672
39399
83376
87942
107344
7651
8929
15108
32638
83042
60360
84592
44579
52948
18470
28694
4558
16260
21604
53509
83022
10538
22753
28004
36329
38007
38141
43714
45285
45394
46448
48654
51058
51854
53127
54129
59855
67982
71033
76175
76261
77735
78653
80989
93334
94727
99219
101734
110713
114239
117834
118336
122148
128954
136631
6061
82747
41300
41730
36278
50601
4929
6634
63436
40863
21251
91598
5113
43115
19996
58372
78750
12347
10518
91593
30695
33681
34031
38976
43569
47104
47647
77930
5396
5458
5517
10513
9132
44700
120029
85289
43906
16407
28594
32578
42715
85888
70350
130251
32992
6839
7368
10084
10585
18010
26098
65929
6201
13942
6037
26017
8392
6213
28053
43475
135296
42032
43612
57718
61172
73404
74351
74973
79817
89796
95356
105248
109437
122340
133492
6309
6331
43432
110859
17000
46384
101620
107582
115668
121813
133212
7726
9232
10373
18964
19405
63383
112125
6522
14675
55036
6562
6583
6587
6593
10961
41668
90703
23404
76727
16100
14573
21031
9320
19242
24002
27684
28578
30268
85239
28198
134811
135509
7170
7182
55640
56153
95763
14187
17320
17454
22017
22317
23486
27756
28783
28800
29172
30509
30549
30611
30783
44017
62503
63460
66617
66677
67700
68628
72164
75786
82823
95623
97521
98898
114115
114428
114874
115591
46376
46644
7749
89622
62431
8029
98013
112165
8052
8096
8156
46517
8310
8365
23693
26707
19870
11544
23488
30463
45922
82004
10493
104633
100530
8571
24283
105243
112408
120800
123042
133523
134726
135777
21676
41771
32502
84751
130532
9057
69665
9123
26079
25375
9160
70388
9242
9295
9419
112723
9480
9995
36706
37890
57651
58227
92990
118882
68381
122283
9597
9602
9666
23544
9719
9767
9773
34458
9810
25111
9883
9905
40127
9960
32052
86718
37825
89730
10044
10101
29749
11283
10204
10232
58519
10285
10290
10397
41369
10344
10353
10366
10386
10464
36450
10488
88865
25497
67675
39101
40024
47216
61830
94259
61655
32595
62879
17251
65409
11407
28445
10992
36251
106789
130059
11162
25042
29465
23755
11221
25537
11235
71180
57466
22625
64865
67113
41304
11356
17010
40325
11462
23425
33056
42276
23887
14569
27517
14783
11790
32415
11868
68905
27030
46600
11906
11929
39755
12074
12075
66566
14221
12203
26606
22124
44859
79532
12371
12380
31369
12577
12587
12593
15462
31102
33894
52705
65889
71242
82161
87443
90013
90679
101812
102194
102912
104129
108152
110099
118523
122941
127807
134261
12713
12727
42873
55984
58398
59329
74948
81729
81834
89952
95670
123265
82338
25899
18052
81917
135230
12960
13064
13114
24833
114364
13160
68174
83635
103946
13186
41643
41483
41495
61437
13368
130420
13882
13500
13581
25119
97221
22894
40545
67606
13745
52759
108073
102015
13806
13849
64131
73502
17401
13928
13933
13970
14090
60423
34132
22226
27972
35254
97554
14192
14245
14250
92313
96337
38933
31533
64961
57695
128073
81779
86843
14696
14751
51355
15786
18948
110101
18998
66124
15098
64659
32893
121634
50604
15358
31372
93503
119006
15267
15324
31400
69682
74346
94076
104535
107352
120266
128440
16586
15503
15475
85378
15499
18008
15507
38119
69130
109453
15663
75423
15791
25809
15946
40483
48620
65114
70495
78036
81944
86275
86930
105427
116535
118675
120365
127729
40646
16080
36624
111525
16205
18585
16317
16386
45386
97635
102989
64837
30197
27113
42364
47900
16570
16658
61691
103070
18167
47049
55731
44178
50921
45211
77780
83582
21154
57223
89740
85884
25123
68464
111141
31007
17482
17485
53461
17564
29768
36730
17590
17621
17680
60708
17725
17820
17815
18066
18220
18224
18450
28398
78924
84259
91630
93876
34668
18687
18788
45044
18867
18900
18959
54705
43653
68439
19135
55488
21645
19352
50574
52739
58615
59712
60918
64604
103856
106314
21283
60857
19501
37159
19540
19554
49125
69570
36350
19656
34718
19817
21862
19942
23434
62282
76349
85899
113508
37296
38056
20166
38977
20216
95651
20546
20548
72213
20736
20832
20834
20988
93895
52242
21068
21100
21118
122868
25465
21229
21275
54197
21282
21318
21301
21329
21336
21342
21346
27081
21350
52620
21494
21518
28762
21590
26156
21702
21806
21809
21818
21845
51818
22026
21926
21938
21955
21996
47455
65901
71736
22011
22023
22490
22168
23551
22116
80538
22347
22354
22556
22403
82951
90237
77251
22563
96287
55297
65360
22629
74148
34072
22690
22715
22768
22775
34924
22928
22935
23014
23019
23697
23092
23102
84957
83357
63258
38210
23315
23351
23395
24226
23594
100305
23671
33381
25713
91702
47930
23788
25676
24012
24057
24066
38578
24205
28417
54775
123595
24504
70484
77480
79320
30231
24625
24630
24701
47255
24783
24806
66998
100358
25191
25386
25319
25323
83108
25348
83907
26071
25435
25523
25560
30964
39719
25704
25675
125747
25853
25897
25960
99361
42704
26004
26013
49793
26222
29492
117428
31075
26359
29445
26365
38144
42102
26455
26477
29261
26546
54679
26753
26632
44478
76015
118671
45620
26816
26829
63788
51531
85817
86072
99704
100954
103342
103477
104409
113227
122092
122474
132778
134525
27121
27712
28590
27202
27228
60664
27311
42928
80304
86299
56678
27488
27591
27651
27674
27691
60484
27735
27761
29780
47621
41682
27947
31264
28016
28031
55424
29501
68537
92234
104045
111161
120213
122968
123197
126400
126715
128549
135131
135426
30354
29503
30523
28628
44751
28817
68388
28959
28993
29065
29079
29098
34861
33888
29338
80427
43212
29405
42850
32701
29593
60788
98695
60892
29751
135500
31323
29825
29891
132525
29941
65251
30024
37123
30199
30227
31190
30443
30453
62390
33702
94607
97136
36549
56689
30961
31439
30989
74630
119459
31358
57696
31684
31552
53155
31625
58472
74393
31766
38744
31824
67985
31976
32098
37101
49396
51111
32187
43511
32274
32295
86507
32350
32369
48131
69325
75781
81308
111000
118617
32439
32486
32493
32535
127719
32699
32898
32967
33005
33014
33046
107774
107831
50284
33397
33507
104063
53686
56398
57597
57998
58288
63839
66643
67400
110393
33706
75449
35464
33755
37686
33879
68370
102825
33979
108867
71357
34094
34144
34274
34314
35057
34353
50117
34438
40858
62020
34672
34737
76225
41114
34900
34904
34939
34953
35273
38953
47559
52755
74589
89102
100478
114406
116829
117430
124927
125012
136036
38954
63609
35352
56711
64073
84176
98235
116080
116284
123984
70977
35499
121243
35575
35587
37341
78381
35657
88438
111386
35809
35848
59865
103846
36013
39190
42098
55065
36130
36198
36218
36297
67119
48977
39253
36442
36469
36472
36514
36556
36598
36642
36762
36685
36693
58515
36827
36839
36890
36898
36916
36942
37005
44970
37076
111672
118929
37235
37256
37268
37393
39811
38457
37529
37534
37647
67698
37709
49720
37851
37970
37915
101580
37990
110012
38025
38045
106690
49759
110456
111668
38305
96176
38415
38453
92219
87728
38556
38618
38661
38774
38837
41992
38900
38987
39094
39144
39200
84450
39280
39283
39303
39499
39599
46829
39633
61428
39772
39793
39815
39837
69750
56851
39881
39897
85307
87527
40052
40115
40120
100871
123891
57587
115879
40481
40538
40568
40633
76982
40694
40751
40761
61970
40854
40926
40972
42092
40998
41007
110204
134360
41205
132027
53485
41270
129129
68856
41337
41413
41449
74676
41540
41576
41607
41774
45052
49833
42008
45196
65832
53541
42093
42167
42204
42238
71802
132418
42409
51506
51632
42538
42670
42685
86175
42713
42748
42773
42791
52200
68783
42828
42875
96871
98541
134483
43145
43177
43331
43368
43387
43393
68294
43436
54310
43493
43508
76625
43710
43537
43546
68786
43679
43876
43972
43975
43981
43999
44080
44101
111420
56724
86717
91997
45529
44386
44494
44594
44623
44666
44742
44766
44835
49742
44871
117661
127742
45026
45036
45070
45085
74252
54629
45225
45229
75950
107656
120016
128679
45397
45496
106447
47317
45582
87884
64664
58407
45714
131847
45853
117716
65819
46132
73411
89229
99095
105264
107421
109612
134020
135551
46213
46232
46251
46269
117263
46396
46400
46481
46523
46585
62215
130487
46659
83443
47513
49417
46958
46998
47031
47068
47095
47105
47206
47235
47295
47303
55896
78786
47374
47396
135669
47554
47585
47588
68264
123345
47637
47666
47711
70554
48682
47970
48062
48190
55843
102233
118924
126142
70108
74762
48400
48481
48504
101826
48553
95624
111827
54994
48845
48861
107435
79967
49040
86655
49123
49131
49134
112995
49236
50085
49327
49366
49488
95534
49593
49725
49767
95521
49882
49905
49940
50061
50080
50109
59718
50192
50456
99125
50407
50494
50533
78939
58153
50675
54900
114076
61069
51078
105892
119736
126355
62545
51279
87575
51368
51373
108990
51387
62655
91203
51496
51505
51535
51576
74720
51666
73522
76031
84764
51908
75262
104032
52015
75275
78300
111778
115991
127511
129440
52181
86755
52223
52363
52396
52575
52576
52604
52661
54517
52753
89842
115720
52995
69435
53029
53040
53089
53109
134729
53233
53249
53302
53503
53507
53607
53615
53653
53680
53726
53778
54427
53979
53992
53995
93737
63714
54075
54152
54227
54321
54412
54560
116524
54481
55046
54564
78306
54587
54660
54709
104701
54802
54841
54882
59919
57878
65232
55095
55250
55300
87829
97371
96640
84733
55397
55531
55569
133408
55652
55675
55680
71742
58177
103289
125323
56186
56065
56166
56213
94351
57096
56642
56846
57013
72328
105495
108713
110681
116335
117964
57065
75382
57459
95015
108033
115850
116207
117618
118784
121508
124039
124810
125862
127204
129068
131167
135328
57233
57237
57530
81481
58286
57639
63241
85014
58133
76426
58198
58377
76252
60068
73483
113190
58480
58491
58517
58569
58575
135103
61219
62045
64140
64672
65238
66451
75940
83165
58878
111292
58950
59096
59118
69176
92539
59234
84883
88204
94919
59371
116635
61752
59430
59564
59843
59868
59877
59974
61204
60876
105401
60377
115154
60250
94269
60411
62828
72067
105651
113860
114366
120030
121430
129619
86288
105195
120211
120573
136269
60466
60487
85171
60645
60646
100588
60793
60863
60910
60972
61028
61035
61359
85545
69111
74659
98790
125372
61531
61556
61567
61622
61697
61780
61782
116943
125655
105493
62528
62598
88515
107704
62726
62730
62763
62947
66934
69214
63019
63024
63049
63051
63189
80881
63269
63280
63325
63614
70698
63771
63798
63918
79741
64273
64815
64337
127682
64447
64414
64582
64680
101113
78757
89266
132051
106965
64941
65030
65058
65128
112101
65148
65176
65218
65289
65303
66377
84602
98409
122028
65431
65439
118810
65504
65509
100391
100490
100498
101137
103376
103982
109100
111211
112560
112915
113522
113951
122418
128557
131508
136684
65641
75995
69308
66572
65854
65944
65958
66047
70479
101693
66206
66214
66284
66337
66972
67052
67323
101544
66675
66684
66811
66885
66968
79346
79511
99179
68287
67378
67461
67529
100624
67680
67712
67801
67827
67874
67911
67967
68061
69974
84691
68129
125345
74060
69290
68214
68230
100957
72782
68316
68415
68472
68509
68569
68574
68591
68890
68723
68730
68777
99736
69451
76850
68835
68850
76906
98496
69097
69103
69201
69210
69228
69583
69278
69481
69523
69537
69603
112513
129667
69702
71293
99652
71858
133821
80660
69990
70082
70237
94969
103085
101800
106121
70413
70487
70527
70524
70535
70538
70550
106226
85898
93188
70705
113110
70837
70998
71050
99664
101850
104959
109815
110323
111143
115396
119971
76287
71127
71155
80663
87386
71289
71302
124172
71536
71700
77808
71745
71791
71813
71932
109607
71991
72157
72316
72425
100012
72517
90124
72643
72755
80617
109073
119980
125220
73562
75315
73025
87259
73183
73257
73399
73472
126361
73510
73551
73554
74929
74166
73673
73840
73906
109886
73990
90431
74020
74418
75237
80234
74573
74628
74616
74674
74744
74749
74790
74793
74807
74842
74863
99320
74928
89820
75118
75250
75447
80769
75495
113163
75696
75707
75712
75766
75835
75908
75931
75959
76047
76085
99456
76247
80492
76314
109985
112135
127060
76464
76513
115149
76507
76611
76725
76740
76751
87679
83555
86176
93121
99391
101596
111928
112162
122863
125336
129277
131961
96964
78289
76844
76900
77017
77096
77138
77172
122136
77239
77277
77295
77361
77386
77433
78692
77752
77766
77795
121326
77851
77899
77923
78048
78051
108831
115256
78113
78128
78258
90292
78489
78427
107905
78515
78544
78549
78566
78602
78629
78791
108741
78915
78874
78993
79076
79269
135694
79326
79329
79394
110433
79405
111770
102335
79624
79663
79768
79842
101491
80006
80042
80063
80148
80249
80299
117255
80413
89001
101224
115460
80566
80632
84089
80717
80800
80809
80905
80964
128058
81008
129539
81051
81081
134002
92157
98691
132320
82040
86565
81305
105688
81392
81414
86404
91722
95350
106739
109751
112035
114712
137107
81519
81592
81642
81699
89572
82000
81845
88068
81949
81992
90196
82071
82091
82279
82183
82225
82231
82365
82388
135501
82448
82493
82499
82507
82518
82524
119540
82628
82762
82860
82921
103642
85775
136030
83230
85565
93471
85135
130609
95785
83575
83611
84395
103467
97941
123651
134623
83796
108086
83842
83975
125897
84040
84049
84076
84102
84108
84243
84246
118408
84388
84452
84479
84486
84523
85449
85184
84652
84698
84729
86674
86676
84821
84827
84859
109717
84902
84926
85028
85062
85071
85145
85156
85221
85248
85283
85345
85395
85451
85501
85596
85663
85701
85746
85766
85796
85827
85977
86000
124102
86027
86052
87201
86146
129730
131941
87564
86284
86356
86363
86463
86649
86594
86686
86701
88773
86832
86839
124616
86928
86945
87016
92906
87084
87137
87157
87181
87195
87231
87304
87326
87393
87406
87421
102552
104178
87454
87456
87479
87484
87521
87601
134128
87620
87632
87649
87715
87823
95901
87908
87987
137351
88120
88159
88162
88212
88248
94486
95952
103803
88367
129741
88454
88489
88568
88630
88646
88683
116626
116980
101861
88890
99148
88923
89037
89096
89126
89158
89211
89215
89255
100536
89269
124379
89309
94109
89380
89383
89424
89429
89541
89547
89615
89616
89727
89821
89929
109843
116014
90189
90224
95840
110663
90330
108774
90543
91080
90682
90709
128501
90730
108215
127036
131656
90783
104251
90920
91084
91122
91160
91163
91165
91334
91342
91463
91542
99141
91677
91705
91784
91959
92077
127692
92231
92307
92472
92531
92543
92669
92804
93013
93024
93076
93179
93262
93273
93466
118702
93606
93613
93675
125537
93736
93729
93744
123713
130123
95037
93989
94169
94198
94220
94272
94276
94631
94368
94498
94557
94569
113238
97283
104130
94874
95008
99359
95249
95289
101215
95431
95441
95522
95595
95627
95629
95675
95690
95738
95782
95792
97558
95894
95918
95995
118893
96085
96089
96138
122574
96212
96258
96349
96369
96430
96507
96658
96667
96671
99511
97493
96742
96752
111548
130491
126969
96920
97111
97057
98113
97128
97151
97186
97203
97547
98564
97296
97336
97377
97599
97675
97712
97761
123400
97796
97846
114260
122597
98035
98059
98085
113883
119341
98212
98336
129503
98323
98325
98349
98466
98508
98645
98712
98853
129136
98947
99040
99152
99458
104587
99194
103203
99341
117281
99454
99493
110780
119474
99638
99642
126127
100077
100241
108773
100292
100323
100333
122153
111166
100585
115267
100640
119298
100829
100877
100885
128689
101157
101170
103518
103854
105189
109029
109600
111126
111628
117704
120494
122983
101259
131306
101279
101298
101322
101413
101407
107892
101588
101636
101664
101764
101785
101823
101834
105572
102641
101944
102002
102021
102058
102068
102088
102100
102138
102174
102283
108854
102944
102397
114947
102568
102635
102636
102737
102774
102868
127935
102886
102999
113233
127360
103033
103046
103148
103202
103294
104931
120662
129568
103415
103432
103493
103550
103638
103669
103897
137314
104065
104043
114135
113286
104514
104290
104417
128573
104479
104597
108683
104655
104748
104780
112549
105187
104860
107644
104899
104940
104992
105031
105044
105123
105157
105181
105318
105673
109487
105864
106012
106035
106041
106081
114112
115842
115975
118359
119417
119677
119883
125141
125440
125634
133090
106122
106233
106248
106288
119099
124478
133282
106372
106388
110001
106467
107048
106598
133968
106666
107563
106703
106758
106772
106801
106853
106913
107016
107024
107031
107038
107111
131045
107147
107237
107315
107350
107368
107374
125873
107414
107423
107441
107478
108083
107559
107584
107619
107661
109826
107682
107752
108971
107876
107929
107987
124034
108037
108067
108096
119432
135034
108251
118925
108272
108339
108365
108373
108632
108511
122052
108812
108863
108931
109003
109037
109460
109094
109137
109148
119728
109227
109265
109277
109893
109542
109546
109553
126364
109618
109705
109764
109772
109926
109957
110097
110104
110105
111665
110265
110171
110174
110223
111811
110450
116935
110460
110571
110608
110725
137013
110770
110829
110942
110950
110962
119562
116428
111063
111070
111117
111257
111492
111409
116206
111491
111794
111914
117445
112025
123631
112202
123958
129316
112296
112305
134494
112585
112841
113159
112988
112990
113016
113042
113049
113116
114158
113172
113273
124373
129649
133069
134591
133037
113461
113495
113550
113608
113613
113618
113625
113780
113818
113847
113946
113959
114002
114016
114079
114119
114213
126461
114228
136121
114243
114270
114301
116734
118793
114384
114403
114473
114614
114638
114692
114703
114778
126333
114937
119074
115128
115365
115418
115425
115441
130020
115499
132526
133700
124979
115632
115695
115925
115757
115813
115821
115829
117562
120155
115984
116070
121381
116175
116243
116365
120859
116467
116521
116539
116601
118778
116649
125314
132898
116752
116769
116820
116858
116948
116981
128217
117130
117153
117224
117270
128185
129803
117434
117440
117494
117512
117523
117604
117695
118713
117734
117863
117867
117873
128161
118303
118084
118012
118066
118478
118160
118176
121819
118352
118424
118438
118441
118539
118963
118723
127768
125371
118940
118982
119055
119217
119168
119173
119220
119250
119440
127431
119596
119686
119871
119916
119944
119973
120461
120115
121053
120215
120267
120289
120342
120350
120379
120510
120532
120534
120675
120679
120710
120713
120870
135319
120889
120919
120956
120967
133874
124531
129656
121184
121263
121305
121541
121570
121936
124908
121695
132195
121849
123281
123337
122025
126028
122135
122158
122213
122216
122298
122316
122413
122478
122529
122617
122737
122626
122652
122723
122751
122768
122870
122910
123008
123026
123072
123113
132538
126001
123272
123284
123313
123315
123376
123415
124179
123499
123535
123666
123694
123823
123833
123998
124092
124127
124206
124275
124350
134089
124367
124481
124640
124600
124615
124719
124784
129799
124910
124936
132894
125130
125222
125320
130678
135822
125466
127957
125480
125621
125642
125648
131814
125753
125771
125783
125805
125921
136817
126098
126190
127661
126217
126267
126312
136538
129169
135977
126376
126467
126523
126538
126576
131062
126819
126887
126890
126917
126970
126994
127624
128373
127199
127228
127278
127442
127515
127530
127546
127680
127709
127765
127901
128040
128093
128118
128123
128140
128199
128263
128309
128503
128576
128647
128725
128833
128907
128968
129007
129010
129066
129074
132088
129270
129296
129329
129407
129489
129506
129588
132692
134315
129797
129617
129716
129791
129852
129979
129990
130041
130095
130102
130180
130228
130268
130294
130303
130471
130479
130490
130671
130990
130832
130912
130979
136763
131139
131257
131402
131455
131490
131505
131530
131662
131790
131819
131841
131869
131902
131919
132020
133296
132064
132069
132085
132257
132143
132153
132214
132258
132261
132282
132388
132403
132405
132434
132478
132518
132540
132543
132595
132699
132761
132775
132892
132919
132945
133003
133054
133097
133175
133219
133232
133238
133292
133433
133495
133505
134927
133570
134323
133677
133706
133727
133745
133816
133823
133855
133889
133972
133977
134254
134031
134201
134307
134312
134399
134460
134465
134502
134521
134674
134769
134800
134841
134896
134947
135001
135014
135117
135122
135143
135203
135250
135293
135331
135571
135643
135645
135661
135703
135762
135825
135850
135883
135957
135994
136047
136066
136069
136086
136193
136241
136255
136752
136260
136742
136313
136377
137062
136587
136691
136736
137288
137104
136825
136838
136859
136980
136999
137005
137140
137250
137448
137486
1
2
5
10
25
28
37
64
69
72
89
90
95
97
102
105
121
124
131
137
144
151
152
172
176
181
186
215
238
244
295
298
336
367
369
404
599
640
650
662
724
838
927
987
989
1020
1036
1115
1118
1141
1181
1511
1608
1708
2164
2244
2567
11265
20826
38079
47145
54936
60116
70158
23
41
45
50
56
67
74
76
80
98
120
132
148
171
174
220
222
233
273
275
304
318
344
363
381
391
480
484
570
624
728
762
770
775
782
857
880
914
986
995
1011
1063
1239
1253
1324
1354
1379
1402
1407
1409
1514
1534
1566
1576
1619
1643
1748
1799
1883
1923
2122
2159
2162
2171
2213
2237
2337
2368
2518
2599
2619
2640
2659
2755
2838
2924
2969
3037
3143
3316
3374
3441
3513
3550
3599
3761
3799
3919
3979
4004
4005
4071
4111
4205
4251
4433
4730
5086
5126
5133
5306
5366
6227
6307
6459
6467
6530
6581
6893
7086
7817
7865
7873
8011
8382
8449
8667
8829
8875
8918
8984
9009
9149
9545
10077
10923
11098
11523
11698
11890
12054
13704
14562
15963
16862
17099
17128
17703
18485
21487
22007
23496
24719
26368
27125
33164
35543
39095
41046
45820
47898
48643
51106
51837
54417
58857
64328
68958
71807
73100
74723
81203
81547
96604
101211
105773
112204
118460
122449
123235
29
2016
7187
7681
26
96
99
134
201
229
230
261
266
300
401
461
478
572
616
683
702
708
739
760
802
845
855
860
868
873
898
930
992
994
1003
1140
1319
1349
1355
1550
1563
1587
1656
1668
1689
1694
1739
1769
1800
1824
1855
1868
1906
1917
1949
1962
2003
2043
2120
2168
2186
2191
2461
2561
2578
2633
2706
2716
2837
2840
2841
2868
2881
3070
3204
3218
3260
3344
3438
3456
3477
3575
3774
3829
3865
3949
4105
4259
4534
4649
4835
4865
5140
5343
5378
5450
5463
5538
5540
5638
5646
5874
5932
6059
6183
6379
6631
6931
7028
7200
7261
7573
7954
8274
8637
8767
8804
8886
9869
10502
10564
12099
12151
12625
12649
13421
13546
13583
13985
13993
14654
16178
16722
17433
17496
17598
17895
23189
24020
30827
34290
34479
35870
36770
38367
58627
62112
66184
67424
68123
68576
72478
75187
91479
102966
112861
115198
115451
75887
19
3778
40
142
306
358
9285
150
744
66
219
255
876
1877
6004
8044
18997
19183
20056
23242
27401
32697
35378
38312
43662
59415
73911
83970
950
123
192
9952
10894
1148
1233
2454
5760
5918
7029
7455
10096
10157
10724
12270
13734
15361
20853
24530
32498
34316
36900
38204
38982
44995
45998
65873
75748
89741
113003
113287
999
3861
11114
13746
19956
28159
30657
52499
71135
1937
285
347
602
8725
10719
70263
450
1199
1266
4054
5577
671
1940
9518
10640
10716
23505
30502
31985
777
3072
70
323
609
729
786
936
997
1146
1254
1259
1528
1596
2143
2259
2289
2556
2668
2916
3117
3200
3812
5374
5520
6220
6397
7371
7409
9205
10299
10462
10548
10568
11677
14440
16022
26370
44353
60469
64238
435
540
605
887
900
925
956
982
1060
1088
1112
1114
1286
1361
1368
1445
1483
1537
1540
1609
1650
1657
1673
1770
1831
1922
1926
1969
1992
2005
2029
2133
2170
2313
2335
2425
2521
2769
2779
2787
2854
2880
2951
3089
3511
4204
5595
5660
5727
5798
6865
7712
8436
9831
15125
15186
22675
26066
33413
50290
53012
100271
113930
590
726
810
1750
2037
2093
3529
4040
4063
4430
4544
5661
6333
8444
10618
12880
14833
15760
16550
18483
22825
25482
29564
42811
3329
10388
11148
12976
13852
14826
15166
26229
36742
36880
38406
51199
60154
355
1526
2151
3280
4724
8557
9667
9971
11340
18835
8541
16438
26418
102112
107668
2767
3366
558
575
896
1182
14152
511
2009
2190
5970
8999
16590
24465
38640
388
722
920
1027
1045
1068
1304
1318
1438
1488
1548
1623
1786
1945
1960
2092
2163
2223
2226
2380
2662
2691
2757
2873
2898
3014
3050
3107
3387
3671
3765
3821
3897
3978
4009
4201
4316
4473
4521
4624
4762
4775
4779
4824
4853
5601
5682
5749
5855
5985
6054
6223
6396
6534
6591
6643
6825
7012
7050
7149
7212
7361
7388
7469
7820
7836
8120
8265
8480
8596
8641
8684
8789
8943
8987
9046
9211
9372
10138
10192
10254
10311
10553
10622
10711
10970
11241
11332
11358
11460
11489
12005
12104
12167
12237
12513
12560
12635
12784
12889
12991
13027
13341
13647
13717
13858
14413
14415
14451
15260
15720
15766
16067
16695
17615
18539
18625
18823
18927
19022
19152
19716
19910
20242
20314
20728
20961
20966
21595
22906
23055
23282
25454
26116
26659
26721
26918
29177
30256
31337
32765
33194
34335
36512
41353
44450
45079
46431
47382
51416
52981
54085
59348
63773
78299
91275
106376
57
1953
8146
12286
26350
56408
63674
79259
37405
37769
2758
3654
6320
7742
18228
5866
9174
9688
10326
10614
13725
15923
20790
21545
21711
24295
24856
26235
26547
26793
27074
28442
28943
29220
29329
33237
36983
38220
39571
42313
606
1423
2257
2503
4011
4328
5976
7380
9023
11233
20340
36165
1405
1486
1515
1979
2046
5235
9352
14232
26727
36006
36283
41524
61382
71499
35466
621
2504
3942
4575
4964
5337
6123
7074
7902
9481
15433
15457
15534
16173
16186
19158
19936
23238
24351
25105
25585
26570
30345
39271
60457
62959
64402
67460
87278
111738
127632
1013
1726
3487
4477
11376
15464
15868
32585
39489
48492
85646
91946
92283
138
604
2793
11393
23743
76803
44298
154
241
486
528
534
546
589
678
694
733
738
852
866
911
964
1007
1089
1117
1157
1422
1436
1744
1771
1809
1863
1864
1886
1893
1907
1921
2006
2095
2106
2499
2575
2674
2686
2726
2771
2911
2933
2962
3023
3104
3145
3162
3184
3235
3270
3342
3433
3488
3699
3711
3733
3752
3879
3945
3980
4014
4028
4066
4182
4244
4311
4333
4543
4783
4796
4836
4870
4912
5016
5070
5106
5230
5243
5256
5282
5326
5349
5530
5803
6064
6238
6316
6478
6548
6619
6782
6949
7191
7348
7360
7432
7434
7451
7553
7692
7746
7762
7768
8210
8221
8312
8348
8368
8495
8521
8565
8593
8774
8962
9038
9040
9173
9215
9248
9306
9365
9454
9782
9788
9805
9860
9868
9999
10017
10278
10690
10911
11027
11145
11327
11333
11371
11394
11468
12069
12395
12405
12527
12703
12720
12820
12956
13118
13288
13354
13360
13414
13486
13577
13785
13805
13996
14005
14220
14339
14478
14585
14787
14806
14860
14872
14976
15205
15292
15489
15697
15702
15755
15796
16174
16262
16294
16336
16797
16993
17036
17173
17191
17577
17628
17707
17846
17884
17921
18246
18925
19334
19511
19542
19551
19923
19971
20130
20250
20367
20482
20487
20906
21199
21367
21390
21562
21678
21718
21760
21820
22029
22464
23123
23382
23438
23565
23584
23675
23770
23814
24006
24546
25524
25581
26089
26224
26305
27000
27096
27267
27567
27742
27951
28137
28214
28258
28667
28687
29260
29368
29571
29670
29899
30711
30846
30850
31155
31251
31516
31600
31787
31809
32094
32116
32451
32467
32819
33670
33883
34092
34591
34804
35489
35622
35644
35813
36077
36679
36965
37007
37120
37338
37666
37712
37845
38117
39162
40490
40841
40862
40916
41151
41202
41999
43859
44318
45133
45151
45440
45947
47063
47494
47560
48645
48941
50190
50365
51325
51333
51405
52013
52521
52524
52630
56311
57989
58318
61104
61815
62283
63474
64403
66199
70469
76194
78314
79294
79360
81115
82609
82767
88194
106530
109892
296
464
851
3191
3997
5839
6425
6747
7082
8403
15050
15693
18435
19636
24945
25425
26882
31473
39742
40383
42017
42066
43324
43756
44108
46690
48547
54422
57224
65160
71558
76516
117526
197
4336
223
360
419
751
807
953
1012
1584
1613
1663
1832
2234
2249
2359
2687
2988
3173
3408
3610
3831
4238
4256
4680
4773
4813
4845
5328
5488
6096
6191
6461
6468
6615
6621
6901
7429
7497
8008
8317
8350
9070
9134
10122
10450
10651
11255
11410
11924
12734
14044
14597
14888
16380
16400
16497
16806
17227
17235
17321
17361
18222
18706
19620
20532
20986
21196
21859
21962
23277
26337
27257
29815
29917
30446
31710
31885
34303
34385
40462
40876
41590
41807
44658
45242
45574
46749
47311
48919
49479
49964
49993
50251
51228
52148
52232
52272
53087
53946
54465
55793
57025
58594
59200
60527
60721
66266
68826
69304
70654
73543
75168
76147
81648
82680
83367
87296
89146
89900
94566
99634
108577
114150
120871
133802
2435
794
1477
10597
15614
16242
25816
35436
40418
742
2591
4501
4959
6418
15339
23270
27015
30004
34412
44464
46487
68620
88361
90226
106097
109595
2319
9924
54058
88798
1279
1854
2113
53317
727
1655
2207
11275
30726
31583
32754
33772
5010
20031
23781
90733
2636
7382
7611
9946
11503
560
7822
403
594
721
1052
1128
1147
1245
1315
1647
1956
2456
2731
3336
3376
3423
4708
5834
9517
16556
18988
65391
8241
73202
84224
84784
84917
1386
1154
3285
18305
20725
22209
24660
26057
26860
27175
28152
28521
28851
29935
32309
33091
33648
34638
34692
34794
35058
36990
37465
37613
37835
37842
37902
38682
9781
35759
235
5381
8098
397
1263
30948
49929
3016
15573
16481
97147
26686
757
776
1366
1665
1857
1892
1947
2193
2227
4368
4375
4920
6027
6314
6985
7106
8242
9456
23553
23869
26268
29697
34107
8920
39626
44036
49189
54542
86850
456
7747
23883
218
3926
14182
34359
14321
883
3992
1385
1680
2908
3648
6922
10747
11553
12245
12931
18836
20318
21465
22078
23471
26278
28166
29028
29237
30603
36392
36968
38020
38828
39234
41097
41583
43701
48693
55092
55388
63233
66621
67193
1195
14457
79890
84534
3242
316
1482
9784
4880
4941
5571
47815
48105
61463
687
1044
1144
1330
1416
1451
1490
1714
1871
2245
2624
2826
3036
3155
3226
3320
3343
3405
3437
3458
3535
3557
3820
4808
5038
5227
5275
5403
5614
6053
6099
6197
6568
7188
7254
7390
7557
7607
8906
9001
9436
10790
10927
10937
11563
11568
11826
11917
12089
12444
12735
13817
14252
14857
14887
14892
15124
15171
15270
16008
16166
16453
16560
16766
16805
17881
18271
18455
18501
18704
18852
18903
19581
19871
20516
21045
22042
23191
25188
25576
25842
25861
26022
26389
26563
26647
26972
27620
27664
28181
28524
29912
29946
31202
31550
31631
31804
32201
32331
32823
32950
33011
33013
33356
33663
35384
35583
36062
36886
37681
37846
38266
38307
40260
40264
40315
40795
40958
41948
42261
43190
44141
44331
44397
45188
47060
47082
47390
47702
47719
48036
49000
49006
49192
49633
49671
49830
49933
50130
50871
50895
51040
51075
51173
51860
52849
52906
53307
54354
54927
55295
55514
56608
56941
57003
58621
59135
59770
60098
60320
60357
60394
60409
60968
61481
61488
61505
61670
61859
61963
62637
63017
64214
64298
64621
65200
65325
65489
65533
65627
65991
66449
67076
67097
67408
67488
67937
68253
68447
68688
68910
68994
69146
69987
70304
70511
70751
71039
71185
71743
72236
72651
72813
72889
72977
74453
75654
75929
76387
76388
76499
76509
76653
76884
77220
77537
78436
78751
79286
79619
80333
80444
80502
80543
81240
82024
82247
82482
82562
83318
83375
83572
83657
83811
84798
84900
85232
85529
86675
87153
87233
87447
87467
87598
88655
88727
88755
88892
89105
89109
89161
89638
89858
89902
89903
90053
90747
91140
91195
91562
91710
92380
92712
92882
92898
92967
93440
93888
94031
94913
95842
96086
96145
97235
99514
100181
100247
102076
103745
104607
105029
105922
106323
106704
106712
107446
108164
108961
109173
109216
109693
110974
112965
113420
115467
115478
115962
116150
116163
116814
117931
120397
121559
126671
127905
128458
128518
129706
129889
132514
133318
134141
134479
136848
137170
137308
7433
8723
14524
16452
16779
17660
25739
490
3770
2248
3868
29162
12425
46427
985
7079
14412
14526
24085
24714
35973
59725
60298
63848
69057
73117
112237
217
1496
20249
33704
45708
17074
20365
35387
37026
80811
82176
84724
93810
94839
95227
96600
4248
5445
12358
14200
969
3075
3096
4463
5324
16848
41405
51664
611
1016
1174
1447
1837
2127
2443
4387
7354
9055
9500
19979
4157
1734
2600
4634
6744
16171
5464
7904
8438
9845
10185
11350
11783
15579
15834
18062
18500
18607
19421
21399
21700
22217
27537
27589
28070
29113
30574
31723
39783
43667
48477
67678
113021
3678
70086
1884
2125
2527
3853
5634
7066
8659
13679
14035
17571
17597
19363
20994
22361
51216
70156
400
1701
1807
2222
2344
2431
3389
321
289
1289
5861
9977
38380
5329
6628
7053
7060
32488
4838
14043
24048
26732
27746
26729
29821
892
972
1754
14814
15988
26415
9198
17993
20444
20676
23213
32911
33483
35849
43276
51164
48329
20360
9887
40459
53293
56617
71947
81627
106416
113523
118194
1520
2065
2913
3600
3664
4682
4719
6603
17392
31292
16919
1002
18922
31996
12192
1301
3111
4360
5663
7596
9158
11364
13413
13919
14024
16874
19414
21312
21694
22953
23020
23408
24016
25169
25234
28548
29829
32409
32766
34868
35176
35270
37809
38387
39999
41698
41985
41986
45497
49702
53699
54269
55323
60214
60709
64756
72756
82301
85206
89584
90105
337
36236
46055
104898
922
9274
69085
21061
351
74051
88668
8928
30308
42955
50113
50146
61294
64720
27279
362
2538
4395
8170
17418
41832
51614
58603
65522
95343
98245
55351
5244
10610
781
2756
10978
15824
28599
42449
60333
63947
15099
1381
48613
11434
27026
124513
127787
1062
1935
2505
3356
3515
3625
4366
4922
5600
5926
6163
6261
9657
10545
12413
18768
21998
22554
22865
22956
31335
41082
42954
54066
68764
90106
3747
1725
835
10806
4428
25941
7370
434
2709
10589
11531
40957
43800
61994
82582
4326
12567
1190
1210
3286
3827
5713
7367
8205
12187
12595
13137
13899
14903
16837
19104
50647
64210
74009
11558
33846
52290
1599
2082
2350
3160
3327
3492
3775
3776
3962
4069
4147
4471
4694
4817
5114
5207
5218
8253
8402
8453
9290
9302
9957
10215
10340
10795
11319
12361
12780
12841
13633
13983
14934
15092
15241
15762
16495
16793
18293
19623
20621
20822
20835
21088
21209
21430
21437
22234
22248
22519
22612
22624
23099
23250
23287
23402
23463
23730
23807
23994
24186
24590
24773
24926
25284
25513
25634
25641
25717
26171
26314
27246
27490
27918
28212
28527
28716
29161
29541
29543
29657
29755
30153
30973
31195
32119
32276
33157
33178
33241
33386
33577
33646
33683
34902
34985
35691
35839
37052
37684
38027
39211
40004
40197
40468
41161
41655
43831
44477
44548
44897
45534
46661
46680
46921
47936
48145
48257
48387
48445
48729
48885
49292
49901
50578
50856
51509
51520
51863
51989
52218
52316
52423
52571
52679
52803
53009
53084
53205
53613
54149
54557
54628
55106
55361
55757
55894
56063
57355
57620
58543
59394
60395
60775
61684
61737
62987
65588
66003
67459
67796
68054
68427
68950
69608
70044
71152
73812
74285
74311
74803
74831
75090
75592
76304
76431
76887
77157
77490
78162
79831
80609
80743
81601
81999
83267
83553
85253
85430
85434
87121
87914
88058
89293
89668
92011
92325
93693
93746
98538
98788
99506
100296
100605
101666
101871
102591
103296
103557
104518
104536
107229
107504
107799
108676
109591
109715
112836
113134
113198
113408
114317
115446
115648
116534
118100
119136
119233
121426
121701
122619
123967
125257
125471
127881
130025
130132
134085
134352
4167
4243
4661
4685
5204
52691
20760
38252
20904
5342
8970
10882
11113
21057
30810
76473
7526
14344
714
5665
24966
37128
46952
47026
48470
64237
64957
77754
117119
24420
6217
95130
2364
17753
10448
50666
75256
41327
49401
51041
53583
71223
44352
5900
3903
4286
10230
32959
81221
84988
38447
9303
70761
564
5791
64220
2281
40261
6898
10394
41941
7268
30731
31778
630
47397
38057
6557
30533
102441
4655
4879
5085
15348
10198
21348
1675
2409
3313
6659
7605
11299
17767
20665
22261
29792
50868
54172
110502
3816
12402
12224
12897
16552
26762
26804
28623
31807
33625
87463
10581
3502
9789
36460
108799
23116
75287
47828
22724
3647
16567
18380
26984
4425
11854
12877
35678
44009
44302
57038
64000
73381
84394
86032
93393
94667
96200
96464
1573
3297
4283
730
65841
10966
21839
68369
17111
99599
108496
2487
27446
4618
20074
10858
4264
4732
5879
26441
62211
47767
8411
15784
59170
78087
88839
4805
5550
5597
6135
6433
6716
7964
9430
9505
11083
11337
12548
13364
13653
14822
15890
18247
18384
19431
19468
24323
24611
25611
26430
26599
26693
26922
27979
28675
30130
32050
36724
36809
42965
43891
46625
46651
50508
51539
51752
52079
52303
52828
54344
55247
55865
56278
56417
57331
57746
58331
60074
60201
60331
62071
63192
63584
64470
64973
68309
68586
69577
70147
70891
71020
71037
71426
71715
72073
72711
75278
76966
79962
79992
80931
80962
81211
89130
92003
92246
92764
93395
95688
96597
100114
101036
106085
10033
765
6116
6847
7777
8697
8708
10785
18099
18152
19454
19584
22159
22772
22965
25815
27145
27521
29061
30363
32480
33689
34348
34634
36211
37664
37946
40748
42508
45346
49361
51430
57393
59011
60403
64374
65041
69821
71487
73568
73616
78829
83496
83795
88447
91638
93658
94536
97570
99234
102752
106461
107428
110229
112870
121020
126353
126525
127778
130448
133333
134736
21418
83304
122734
128780
788
20848
1026
41091
74966
1043
30588
94481
26109
27956
10024
19489
35332
60057
29745
66217
8049
15560
31373
62182
1281
3274
15803
20511
126367
2585
4442
4563
5671
6602
7304
7857
7996
8007
11316
11846
12922
15647
15841
32645
60248
61160
62007
62347
62402
64848
77399
96780
921
38794
8901
41104
41433
55048
115730
122160
95324
3020
4129
3623
8507
10887
16129
32210
52137
103002
108814
108939
112083
120409
120969
127121
128856
23127
23311
54357
13761
13997
125502
1388
4901
50768
2794
3499
7591
13194
14910
18047
23718
24199
41854
41924
42920
43487
45422
47336
53080
54789
57896
59109
62790
63814
66526
66846
67772
75987
88406
93048
95640
96760
101363
109292
122683
128459
130666
132441
9124
19233
23851
105702
8634
6204
6988
58704
1083
9006
108557
18107
23908
21662
24652
37538
1875
2893
3422
4104
4222
4552
4637
5041
5774
6318
6426
7129
8695
9104
10125
10418
13610
17715
18744
18786
24684
3180
996
20925
7565
21257
48975
78606
6339
104365
122480
1242
5888
9953
27494
33673
34816
53496
67071
87625
89411
101553
111220
11571
1554
20446
22428
40484
43655
118944
10117
12130
19147
5394
6356
31314
1035
35677
1070
83170
22148
22440
33908
90474
29453
36974
69836
7214
11877
16633
31464
47538
111518
57314
8957
22889
1162
89518
10209
110363
40783
53803
10414
36467
3114
4195
5591
7398
8967
10026
10903
11572
13949
19171
21683
37390
40682
43063
45886
22842
7878
81765
84238
2109
39471
40408
26928
30486
41241
51065
51095
51101
52627
119405
119433
12521
2789
22130
65921
8427
33749
34489
57814
29859
11856
56199
16444
8626
30879
58335
118568
2497
2512
4871
7092
15359
15666
26935
5107
9329
4161
25302
60848
101039
23858
40355
72003
20837
45145
87208
91954
130545
21244
2616
10428
23611
51746
55630
103909
113357
52594
34809
26522
46519
14318
25907
7130
22497
44806
133448
2084
2233
2821
3380
4643
5122
6009
6526
6535
6705
7575
7886
8057
8275
9181
9348
9931
10994
11022
11418
13143
13148
16379
17165
18976
19649
22186
23033
25274
25708
25991
29604
29656
30955
32077
32121
32954
33107
33204
36104
37577
38187
39702
42733
42893
43421
44603
45104
46809
46888
46963
47701
48024
56627
60553
62735
67139
73626
73864
75723
112739
112838
120339
121330
13248
19949
25725
37644
43846
52789
53100
56931
10184
38322
7968
13855
31207
35438
24175
47077
72206
83016
111969
1852
3662
16264
38544
38991
12783
78545
79673
79677
88587
50099
53937
53988
4739
3920
104432
7247
13018
15063
11916
20828
41887
104453
3230
9583
9761
9828
9830
10667
10977
12862
14150
15195
16372
16936
18530
20091
21246
23113
23222
23700
23958
24558
25210
25974
26978
28786
34449
34621
34981
35396
47691
48465
63319
10521
25335
66647
81365
123476
3656
3842
8916
62250
4123
4611
10684
12514
12953
15261
6190
7308
8270
93580
125379
104088
3638
62146
68349
8528
129569
84830
15386
45616
3578
4491
5529
5864
7485
7568
7773
8168
9753
10260
12129
12500
12584
13144
13168
13402
15905
17199
17353
19218
20210
20379
22702
23806
26959
27162
27416
28180
28387
28909
30815
30893
32338
36390
36748
36885
37116
37583
39899
40691
41252
42046
42734
43182
43253
43449
43471
43613
44163
46156
46900
47111
47962
49888
55436
57138
62341
10955
21106
17737
9393
1723
16414
66089
80820
88198
89511
92396
92911
96218
96807
106469
132295
10652
12503
25124
33578
36710
4770
6844
32531
65665
88322
101409
17875
23929
26175
26553
29361
36901
53470
65073
78888
71983
15825
16084
61080
4303
8976
10069
10324
10441
10595
11012
12645
14468
15991
16046
16542
16707
16927
17428
17649
17697
17858
18169
18832
19503
19823
22249
25736
25937
26502
27307
30012
31813
33550
34285
41445
44717
46295
51972
58030
58396
58589
58758
59250
61156
64763
70048
74598
75876
78141
82428
83839
107028
108784
112177
29951
39476
3960
68875
12184
25069
3552
8582
80013
31129
6157
7153
16013
52278
65163
81352
11836
101290
106359
30804
55163
1933
11865
17805
23732
87145
96269
99302
5770
7908
18562
20089
30514
33296
98993
114729
4171
54182
20817
39686
60325
96777
101711
11466
45552
49155
87616
113257
2371
5006
36725
2594
8706
105247
35110
78867
109243
69509
84587
119222
127193
4758
38332
46367
79191
30311
48944
18083
9261
12833
37999
113696
93416
14117
21236
21501
31275
38383
107355
14426
80141
86113
95011
115156
10131
42159
53525
100528
115433
48837
19864
8099
54800
56714
61719
68383
69914
73213
77491
77916
79717
82276
88797
103677
12085
14681
23397
76140
76460
105740
38158
43721
54622
78089
125310
46462
3666
59674
77141
86294
102563
12859
2178
42421
2183
80726
31918
54169
106021
5789
8166
124104
5743
6515
6554
6941
8669
9660
12213
15993
16112
16849
18357
18401
18642
20568
21288
21409
21680
22039
22532
22608
22759
24147
25242
26168
29124
31109
31686
31954
46253
52279
57486
64378
67795
72052
80011
80862
81382
91430
91629
94467
100678
102446
103176
54753
55188
8700
12016
27111
37458
44284
58386
58984
75683
88939
5238
6499
9902
9907
10788
11724
12550
13162
16093
17492
19067
19109
20163
20246
21085
24208
24368
27335
27930
28805
30987
31896
31928
34708
35684
36480
36962
38261
38337
38664
40961
43184
43857
44406
45069
46594
46951
54276
57108
58217
59850
77233
84172
91223
96919
105087
65577
2268
24117
82256
93511
4980
114203
56467
90020
102578
121932
11955
2345
35704
70738
71239
31128
37288
9139
45473
19160
3708
16041
16652
25508
28146
42233
44843
89465
96557
109172
116234
83394
54146
102130
42780
45521
100366
14121
21480
49635
79971
26667
52963
126584
127474
78463
7173
41996
77728
2526
63333
65967
79186
83416
110494
111929
19783
68604
69096
96169
14871
32722
4177
4315
7105
12764
13462
14176
15040
17269
17906
19694
19745
20944
22598
28715
30849
31655
39031
40201
41134
41717
41950
43246
44315
45197
46018
46871
47491
47752
50370
51446
53133
56497
57812
58120
58314
59652
59799
61048
63766
64314
64707
65478
65992
66073
66092
66994
67269
67535
74433
76503
77123
78938
78947
79112
79316
79609
80237
80330
80331
82191
82614
82685
85006
86377
86386
88888
89189
90857
98303
99888
102137
102372
103095
103687
104346
104824
104917
104941
105095
105389
105833
105869
107103
107390
107514
109449
111411
112677
112900
113279
116270
116327
116676
117344
118856
120315
120637
121538
124900
125436
126302
130445
132940
133679
136798
78071
133087
5901
13496
47411
53901
67875
80664
130608
4546
5961
6677
8209
52294
53555
37166
2651
17785
42556
73144
90600
96320
5729
25912
19422
20037
20937
54214
2689
64974
3644
20924
21019
21098
23746
24013
24785
25577
26490
27726
48639
55797
56520
56997
82341
85710
88008
88347
89948
116046
126385
127426
12321
51858
53594
57047
59304
59449
59549
2747
15690
37227
73279
14129
6990
8763
12065
23352
25064
27931
35310
40758
51431
53732
55475
56761
72427
111460
45293
21419
47466
5580
8662
58555
22501
45156
2833
92593
14506
50577
54081
75114
75136
10234
13700
62608
69427
87046
14092
40293
45894
58168
64313
66261
82949
109155
11728
13262
75659
2866
4084
2970
37553
17442
6926
16616
17920
18361
22419
24739
30811
30851
30914
31527
33662
33679
38865
48004
56868
68531
70564
78327
101497
109702
124301
61211
2950
43625
85616
34091
14663
15707
23236
37020
43371
106594
107520
21334
57089
69299
51736
4280
98610
82898
56637
136947
39267
70132
58072
10103
28655
43056
53261
61866
94911
78675
89232
116958
60770
94470
20219
8357
30347
51424
80409
20726
111015
14287
68865
77773
78942
79685
80306
3257
3273
95967
19229
50932
10603
10838
21792
23571
23628
35651
36539
28695
6121
3308
5942
23451
38736
43029
107420
40089
16934
37225
37934
43890
48536
50435
60799
39120
23149
36294
52664
55108
59775
114644
120918
43379
66714
3401
7239
56619
49557
75901
15471
44433
78082
12774
28488
45761
47340
53058
107709
15519
53853
109052
4101
7033
11269
12661
15410
16648
18217
22221
23643
25453
25566
26510
27032
27178
27974
28151
29142
29902
30617
32043
33926
38551
40322
40464
42425
42915
44146
48185
49049
49289
49521
49762
50683
57831
58013
58601
59150
59515
59998
60608
60724
60936
61448
62610
62811
62826
63058
71995
73872
74316
77082
77195
78165
79217
79327
79852
82673
86613
88368
90811
91179
91431
94012
94586
95173
96042
96268
96301
96445
97648
98105
98404
98440
100383
101904
102512
103500
104038
104887
106091
106823
107093
107516
107567
109496
109913
110136
112037
112172
113646
114279
114855
114869
116632
116963
118248
118405
123267
125454
126092
126394
126450
127792
132117
132189
132307
133022
134751
134872
136874
96794
20821
31475
37516
38786
41712
58239
64888
18588
100813
114527
121425
22097
41234
63829
12233
19653
20656
22049
35219
54167
61876
48772
36587
63131
16281
10807
15660
17042
17076
21483
21508
21782
23587
28950
32918
38131
41040
41586
42354
42821
60045
64191
65081
71076
96844
9775
11703
14312
63793
31841
126660
52967
77200
29580
58812
19045
91182
24201
13331
18076
18437
32095
104064
126291
61088
21083
105860
132491
7738
13482
13614
14466
10186
106770
12424
15207
70034
98228
86443
4329
16701
38414
46004
53691
55359
59082
65471
74269
77237
78665
79824
82514
86751
90615
91061
135991
35287
111324
23447
73277
6457
72097
19609
10269
46508
69793
8642
136738
10384
26081
68270
45681
82053
121948
130275
136574
4091
6196
52020
52029
68151
68251
69039
7680
13377
117207
84193
119064
32882
103578
90442
37786
5933
10262
10401
10531
11096
11360
11842
12988
13517
14315
15750
16589
19743
20491
21481
21978
28484
31009
34271
35222
35763
36850
36920
38772
40215
42469
47827
49709
50682
52740
54983
56101
56261
56681
61599
65918
70370
70845
73074
82758
83064
84475
86045
88281
91211
100396
104757
105078
112095
119909
120169
125037
130384
42953
12412
7676
25734
28561
33044
41638
42049
61840
98426
108402
24060
104937
117549
13561
13623
31256
39096
47596
51579
15998
32011
51420
52046
60188
63920
77235
79545
93680
103256
103995
104873
113311
117667
129954
21528
12660
113831
4378
20855
19562
34908
38973
40597
44770
45283
45725
47574
47696
47975
50050
54107
60354
61492
67519
73477
79395
79998
94355
102147
103736
109531
109710
5984
30708
34227
36743
53030
58791
9743
57680
72956
62621
6429
14916
50032
86868
103262
104547
105793
113716
83484
67600
66040
74808
8040
25653
48757
6011
11525
11791
13556
16926
18946
19010
22225
23146
25680
27005
30619
31403
31517
34660
36095
36535
41902
42612
44632
45791
46192
46503
46512
47324
47594
47613
47634
49108
50295
51534
51958
52784
53102
54960
57841
58173
59206
59911
61247
61644
61884
63603
64441
64875
64967
65751
66122
66484
66711
66879
68530
68749
68984
69669
70186
70273
70324
73076
74506
74746
75430
75614
77319
77346
79169
80365
80392
80947
81443
82643
83045
83221
83682
83729
84512
84555
84946
85756
85918
86057
86097
86182
86502
86576
86624
87604
88123
88652
89086
90541
91311
91640
93623
93947
94377
94506
94611
94770
95022
95310
95760
96187
96959
97645
97718
97961
100410
101082
101592
101720
103234
103260
103474
103693
103757
104374
104577
104718
104769
105238
106109
107225
107245
108797
109329
109398
110399
110566
110954
112187
113184
114295
115644
115724
115846
116229
117128
117666
117822
117936
118428
119805
120256
120799
121268
121410
122301
122753
122792
123166
123815
124096
124260
124295
124621
126591
126601
126621
128108
128250
128395
128460
128939
129589
129622
130164
130922
131660
132206
132361
132911
133913
133965
134310
134805
136013
136319
9050
91619
117794
45797
45897
49613
18323
18413
37371
58767
71309
84607
84846
86023
92639
127366
4778
25134
5353
7481
65208
48942
87237
5042
39892
42766
27439
90487
28299
96327
53472
5921
102837
4995
8907
93816
22057
40414
36451
5120
28870
20115
107270
45371
53207
57796
63179
85011
80622
16469
34001
34195
41861
73163
119927
14484
42257
63143
70974
127118
132465
128739
129039
33985
58892
68378
88308
112020
116314
134345
134708
5721
18973
25775
28872
30481
39991
41215
45759
46909
47643
48204
49107
49745
50999
51947
52907
58117
63134
67508
74111
77201
78956
80351
80589
81609
82456
86142
86854
87493
101549
111643
115473
50139
44306
107772
23059
31220
8198
21224
25993
105091
24467
32040
61586
62227
65213
65342
66619
71177
71516
71636
72689
72831
75074
75849
76270
80431
82257
91873
94104
95062
96605
97627
107402
110807
111370
113994
116073
116173
117066
118711
119827
120354
122542
123134
127537
130527
130821
132544
132563
132676
132937
135410
135959
25606
45288
58147
21558
75709
7124
42082
122228
7087
88018
14028
7861
30945
41131
47333
5785
118267
28718
32044
9271
21063
53402
87898
108396
117982
118775
87049
64545
7064
10596
25299
28576
84234
129973
15576
47431
61082
109445
126616
18710
30844
38463
25767
24088
23286
9193
28507
118275
25260
25593
33570
34074
36428
38116
41340
44058
48175
49197
49631
55378
55501
59598
62116
63008
64753
66679
70094
72344
74078
74428
74950
76772
77821
78315
78719
79871
83222
83342
85219
85275
87709
88539
94019
95155
95191
97349
100199
101621
101989
102158
102539
102589
104103
104832
109095
110742
111503
113291
116598
117442
118654
118699
123660
126913
128247
128729
130321
132486
133790
135388
17063
77468
39505
43055
52958
57263
59822
16510
22250
51179
66974
32969
36471
56275
65897
75473
76454
82302
12384
21012
25679
30576
30907
50133
59488
63021
63091
63625
64674
64703
71098
73732
75581
76391
79069
84704
85058
90786
91980
92499
93452
100409
104707
108206
112807
113620
113686
114223
116558
116668
118300
118344
119206
121799
122428
123093
124986
129509
129626
133443
17504
30384
49311
50225
59024
59512
64221
68286
72834
77086
81353
104122
104186
120159
18985
25661
64891
80998
83260
84817
85522
119831
32865
27508
45675
49645
66315
69019
80970
85170
37649
24981
42520
62703
23325
7621
50347
6827
64228
65858
8397
6886
22560
23928
25165
28816
28915
29112
29116
29483
29638
31228
31703
32404
15735
31879
37489
63483
42178
14123
23199
27055
47876
16359
24484
25303
26685
88501
22835
101788
116119
11715
114047
93211
113474
7195
60114
69295
33542
7282
34717
53454
82646
53385
128472
29846
11222
7979
12657
12921
38809
56379
62573
84536
9339
12442
12758
19273
19852
20431
21592
21995
22112
22269
23122
24080
24525
24589
24788
33850
34166
34197
34521
35696
37733
38298
38968
41649
42551
42763
42917
43255
43867
44065
44322
44618
44817
45157
45171
45632
45720
45808
45887
46582
46972
49539
49782
49877
49903
50296
50792
53985
56231
58427
59678
60306
61163
62062
62915
64661
66988
70173
72925
73220
74836
75489
79004
79127
81755
84412
86828
89337
91961
93088
93652
94686
94754
94755
94756
94769
95278
95530
95715
95929
97356
97418
98333
98526
98562
98658
98674
98791
98875
108200
112024
113485
114007
72624
7706
30262
59811
98690
45148
56697
61728
76788
39449
76640
77938
80526
81808
85698
86389
88510
92039
44966
67659
59562
20669
7834
91477
13059
7875
7879
45845
50484
52757
11760
15054
124443
28302
59576
61624
71941
78740
99189
107134
130994
23042
24575
36159
64030
56283
36003
78906
100864
46182
104197
40199
25936
101241
60878
62161
62254
91608
75279
35241
34461
119183
106655
60815
8418
24453
105100
8486
30436
9587
72182
125165
125960
17728
93227
43282
46824
123341
125759
39907
50261
25459
91385
117219
118819
10627
8665
22746
22993
8674
11190
55903
74912
94602
109326
12975
35588
57102
65095
66234
70467
74972
81974
87143
88035
102900
104521
106001
106767
112071
113510
113885
116153
120521
121226
121956
122600
125143
126242
127548
129208
129233
132328
132773
135005
135445
135478
62557
27061
10451
17795
33338
36352
43019
79877
79945
113038
26143
44399
21201
80463
22707
88178
18528
28090
29442
46045
57414
60723
65187
65519
67240
70707
77613
77858
78180
78807
83889
86119
90284
92572
105170
111316
113609
116547
133927
134631
134639
135498
46011
86933
74737
86031
42120
46329
25663
23552
33653
35322
42608
58482
69353
100359
115630
103241
10020
105281
78613
41791
33395
66634
72153
25052
27456
13787
56586
33813
22230
31044
36046
42589
50661
52797
59377
64197
85758
86177
99370
103423
107194
113044
126246
132254
46064
70576
84593
89765
99770
108476
109000
117223
121814
127419
134434
134888
9561
38581
41735
56003
10013
52070
58411
72179
87530
81625
11721
20108
26938
53821
37542
15953
9833
9855
11482
47990
83589
114545
37980
96124
123388
111020
11149
63597
26247
48119
48408
67831
38767
77306
90494
31237
13174
44225
52624
54355
103410
60080
80824
55691
21389
32001
40781
44694
55193
68186
70212
90002
95194
55468
12440
67867
82345
99093
108492
133468
30468
64663
67957
76152
76517
78334
85692
108245
108455
112405
118991
35473
57419
34393
109644
10893
16423
59231
102183
26733
100036
92525
104270
44674
10989
25000
51030
54468
11094
37279
62512
15962
14701
20009
26982
30095
35054
78745
81262
101698
12564
11228
11242
49428
56522
11260
23320
51212
21812
23228
48969
34693
115762
29304
67990
93245
37551
98413
69271
79858
80438
20561
11406
11845
53388
78233
129297
52979
56133
19770
133442
45733
12770
87761
20572
23778
23105
31665
91499
86642
42315
44254
98210
100448
79167
118484
43458
52549
13356
35469
39868
60945
66550
48792
51457
72376
12206
45315
53011
67188
46460
12409
117044
93674
58541
44447
136767
43290
13313
14071
14490
18297
19107
24571
28014
46620
48338
50173
53042
56081
56831
57094
57431
63944
64052
71568
72016
73251
73567
75166
75522
79740
80251
84023
84054
84348
84472
84735
88342
89395
89686
89916
90393
92188
94762
95416
95976
96499
96778
99267
100362
100507
102063
102728
103435
104385
104695
107443
108334
108582
108879
110550
111340
111383
111576
111607
112028
112090
112492
112650
112863
113077
113334
113874
115254
115309
115950
117113
118913
119783
125111
128899
133542
136549
78055
12724
46266
49669
53164
56836
59040
66220
69361
70269
71503
77983
80356
80709
81216
83078
83663
85833
88356
88467
88588
99137
99214
100236
100496
101361
101474
101506
103698
104520
109054
109371
109840
110830
121550
133693
45604
81225
17671
108072
34071
63067
66436
71345
80275
83534
120454
32833
25279
32272
106211
12986
16727
40480
63805
73682
78308
79455
86651
95014
87749
125246
21009
50808
53700
15222
106183
30755
30963
33467
76694
131464
131510
61329
127812
22191
30528
29654
44448
53273
62832
35071
38761
48892
51109
52186
52650
56112
13738
114296
28467
31592
33925
39855
42521
47045
50003
53662
54876
57139
60986
63105
65844
67131
69239
71200
71270
72015
72285
72368
73936
92214
105449
121135
23759
13779
71392
19434
62389
63912
67262
49839
81017
37570
60651
116197
79223
92933
91373
105737
53738
89033
36258
62430
54922
93459
124811
93887
52381
112109
31999
69169
26138
112158
115934
119241
121771
18477
35705
91842
121253
102656
74150
88818
89788
99819
108517
113060
20544
14719
14747
83763
71159
41054
37692
68178
89825
76637
74828
85035
118369
15028
53392
55367
118335
126163
98094
105707
15213
79518
95946
100689
127069
133568
15258
21192
23080
23676
36732
37243
58273
68098
77555
84402
85650
93982
95241
95621
105066
106115
110569
119526
125599
128311
131690
21633
24286
33268
54937
73474
85725
114095
15522
60590
40537
15771
16594
67689
45576
32151
47038
18629
40564
46191
47210
47329
47394
54137
54279
62881
65529
66761
74526
75143
76288
77788
78805
80232
80319
81781
81880
82968
91074
102465
109319
123014
132767
102870
99004
88574
110775
106688
29634
36203
39204
70510
115329
123325
125427
125333
18994
27604
62320
78081
84291
46640
69758
70683
16408
117072
113579
91917
111901
41383
17569
43230
43914
65631
37059
17910
134596
60600
100858
96567
103315
23301
42310
59048
94892
68719
53812
16899
63243
97364
99955
24539
31786
32014
54183
57250
61855
74857
77188
97868
103413
38500
39059
68025
79034
82710
83516
86917
42406
94894
53361
114084
55248
17328
127458
127465
33777
27392
27551
31059
40560
43352
45642
47595
47722
47935
68402
77951
83076
83084
97403
108964
48500
26462
87120
115173
17801
85768
42606
74171
82676
32199
29497
30712
74519
18015
100601
27006
131096
57080
132180
62536
95360
66784
50520
128417
26036
37660
49883
52320
54910
57294
59388
65571
66664
73169
84756
90029
91492
93941
101360
104297
115535
125515
133455
23535
27265
108560
91762
18797
33957
40664
55619
20635
48133
99388
29691
132916
108785
19154
55657
23810
46583
50045
55696
56622
58954
60571
60958
61827
62972
65668
94210
100768
44162
53421
61729
37581
36769
22156
129591
72724
64774
82554
55072
72805
28679
50361
53373
108946
109049
119087
22314
23782
29157
34875
46061
103017
84699
65747
130834
20483
80993
23280
38345
38726
30094
100512
47964
21714
21745
108836
113182
20814
108755
22025
88184
107998
96614
47999
21172
22002
21576
39351
113000
22663
21454
21461
51847
123048
32563
21607
46440
133537
59575
21735
21757
55553
62309
93722
26124
29595
30415
32088
32615
33177
39732
44826
48021
56308
56660
58261
59039
61244
62010
64327
66943
71923
81796
85808
116622
122022
135447
22027
92893
76998
49660
22568
22652
66602
76102
85304
86088
86853
86977
88788
90754
91055
91302
98294
101288
131888
23316
22539
22559
53846
62286
63759
87169
41559
34269
43556
66365
108733
118014
25589
47730
33585
37502
54164
76170
90210
93423
24363
46497
91819
25895
115556
28095
48393
98078
55338
80995
30553
68049
88025
40095
24392
26620
65745
96543
115024
29646
44709
75504
76868
79476
89628
136463
25623
24697
41440
42454
133164
112173
120853
83422
106107
131400
48649
98612
98722
105925
53106
72283
39973
25804
27924
103412
49469
136235
30915
82075
103035
74369
60895
124239
46747
26326
58895
39900
87471
41917
85516
35552
63489
31717
41904
51392
53658
54473
56719
59331
63133
63722
75301
93175
97062
105368
107649
112986
114689
117835
122714
124014
128572
129621
99448
68665
56610
60512
62565
63088
76231
86515
94929
95428
103455
103655
103771
106725
114909
115387
117720
129855
57422
27459
104249
120158
29740
27216
27595
60840
27236
44366
65937
71142
76434
82284
85122
85349
85803
88468
88660
34112
27384
101631
63346
56463
27907
97244
46142
37216
36657
94763
100229
113428
115398
119608
120161
121803
128626
128715
131359
132731
132749
132752
133064
133488
135236
136976
34703
48800
48808
55110
61412
35372
44651
28887
42723
68068
69467
91753
105844
111919
41763
133189
33161
29904
32192
76393
126708
39949
75738
77810
121716
112890
30320
49291
34769
88966
36316
78451
93325
112473
30741
30835
37429
35476
54127
78826
53590
55196
62366
95174
98586
102211
105420
119010
119499
127647
75847
76493
127825
86644
106514
84890
91661
57031
57863
33511
49550
86484
98574
71587
91495
51241
92444
34020
34837
91348
93351
63107
82108
34960
31884
31890
35991
67112
53661
54743
55707
40956
33399
83327
88201
97129
115916
117014
117681
118197
118418
119669
122967
125654
126113
37056
65885
33388
32620
44187
32944
119094
76363
67690
44354
33207
119505
33313
73095
33334
50155
42259
42576
44610
45384
45909
55054
57632
63123
67273
76482
84447
96465
113557
114794
74445
92998
132930
40380
59031
33841
46305
54338
56002
82039
121050
66517
34467
47471
35783
84583
34895
64311
65834
70345
70884
73023
73208
78796
84641
84663
97302
107187
107720
112134
112987
123096
124144
127074
128843
129311
129997
133126
133183
114382
35234
35427
35453
67049
69013
70839
84768
93484
96092
104798
105491
105607
105850
109573
117083
125209
35525
84914
57281
37512
35765
103644
36117
54389
57062
89029
88844
36615
46777
114426
52760
36678
41512
92521
128559
108059
38103
102630
81594
88950
37491
126716
54266
43790
37638
39209
45884
42071
52466
38610
37995
54073
108379
43067
39118
39801
38478
106733
127907
38936
45834
48797
52380
62052
78862
39356
39478
40666
43799
39916
108838
125383
66247
65816
65791
111718
127741
67405
91740
58313
123452
46740
88635
96676
41160
60120
73270
105440
71287
46274
42027
49091
67988
120119
45443
95471
63229
67658
70888
42562
42729
69933
71896
81545
128868
44043
48410
48870
59204
61205
62349
71386
73875
100882
105274
83969
119382
58743
50167
77401
114059
131201
133393
133877
134361
134764
43883
44230
84773
68413
132815
48054
89404
93418
131195
111567
105711
44402
47022
103125
116362
56890
44857
63951
51045
79728
57027
77036
81754
107653
111982
112791
114325
118928
119359
121413
123392
131107
72030
68210
83176
46938
46559
53903
65623
79120
91087
62391
64432
48217
78385
46007
110731
114811
47193
103809
104207
104567
104925
114579
133239
94671
119455
60706
52230
47014
47174
47208
116920
103756
64587
65676
49463
59055
83378
47636
88344
128598
130954
48281
48293
92434
93559
119694
50811
54140
49036
111222
100360
60879
52169
50526
70349
61639
87851
52852
90566
89467
49734
100914
81428
82925
50034
101045
120122
68929
72094
109514
71641
51929
132379
52441
67218
50764
57251
87956
132938
136788
126208
76928
51371
79207
62914
63438
58187
109117
76942
100255
53201
69489
76199
81859
118192
55337
56246
74255
77461
108349
60035
69454
71403
75587
85489
90738
107129
107862
108520
124638
127927
52177
81658
81737
88419
123563
118548
118696
80383
53075
78187
113531
69337
106402
111851
127164
127996
91771
98351
61813
53344
61229
57124
57546
86669
86915
54448
97473
54721
68879
131876
65268
72235
78193
91101
94703
105105
109045
120904
125718
55393
71864
86337
55649
108829
67135
103400
57242
71601
94593
56364
109492
110672
81840
90286
109900
113046
115702
116389
117138
121257
127556
129347
129387
129600
136564
68745
78387
85409
97838
101515
104495
110653
113383
114122
115303
116027
116058
116324
117856
118167
118820
118842
119861
120189
121142
123022
123807
124978
125448
126504
126735
126742
127740
132347
134797
135997
136425
136545
128049
58903
57610
90454
94344
101923
106239
60745
64491
81201
75356
94899
67705
105338
115650
60186
61468
63596
64092
66319
69806
69831
81879
81988
84027
84695
85195
73417
132653
59051
68556
71523
86709
93280
122015
78835
74472
126692
83601
74002
82277
66105
60533
98792
74178
76421
77918
94733
109933
119504
125309
126815
75815
84226
87869
92754
98528
103668
104151
104831
113197
114789
120013
120550
121676
121898
125977
126544
129827
132204
60486
60891
132663
81367
120808
121344
72645
62015
101808
77954
114234
62779
64142
72603
70894
63191
63369
84673
94067
63840
64053
116265
110683
64498
112318
66510
132157
97006
95325
65196
96221
102598
105469
87983
98380
99020
99682
100272
104656
104878
113729
116140
122554
124726
124764
126867
127046
133163
134132
135951
137273
67811
78811
106537
66077
66111
103996
71437
83352
75334
77301
98595
125631
132803
100144
78555
79181
94619
96437
114392
116691
117759
118731
119237
101960
68125
79386
89320
71341
72140
72248
114247
97113
71165
73571
76634
77211
79682
80755
83029
90025
76905
131292
136539
94451
109905
124965
101571
78907
69527
70070
93422
96560
90171
90601
93666
96111
96370
100746
70779
70804
70967
94876
110000
115854
118414
128635
133321
97431
117657
88724
77968
71457
71597
97548
108504
76227
91884
73596
72759
114253
72691
92870
72930
73021
75418
73197
73247
85042
80433
104150
104371
106352
73981
74086
127921
76181
74784
99828
75620
81025
90779
76418
95293
87014
80613
132766
116266
122822
87677
92497
96692
100196
100891
102979
108287
132806
77395
107305
77919
79873
91694
79291
79558
78475
135816
122335
80049
121793
80748
132643
93182
123702
83301
122205
81448
97354
105537
108395
112750
81494
109127
81985
90462
94728
82879
109141
124190
125017
128196
129118
129887
131108
133014
134457
126221
82827
96872
83150
83290
97611
84497
92198
102151
118574
87991
114332
118366
126858
90605
83934
113832
101104
91252
92554
103958
107575
121615
93644
85914
86004
129534
97042
87380
133717
86934
101179
86995
127861
92145
87707
95499
106163
92254
87995
93532
117631
120202
96559
101287
88940
105981
114269
120651
89325
98320
99513
103227
90069
134353
92571
112099
122842
90613
95160
100479
111435
132103
132304
133818
91262
92055
90913
119129
118205
122303
114444
91665
92236
92519
136390
93142
99131
93385
104818
94961
95472
125281
135416
98424
131858
94852
134214
111976
95573
95730
102731
111933
118506
107067
119991
104174
112879
98556
99573
128270
133504
101725
104400
109429
110211
105002
99760
99827
100319
104668
111115
104486
106715
108099
108247
108360
108699
109747
110877
112226
121301
122630
132423
115465
102257
130672
103713
102993
106000
120441
104713
110160
105683
110565
105534
106595
105879
105898
114396
115390
120702
122081
123119
124423
126287
124153
125388
128026
125505
108275
109082
125299
109526
109547
110032
132160
115612
111846
111240
119926
114574
112846
114570
112149
112160
121767
135541
117103
115211
130752
130824
135962
129662
115427
115311
136336
117817
120838
121983
128152
129604
116536
117500
117318
117579
124316
131899
130484
119020
136490
136851
121582
121339
122434
121579
123995
123173
129956
127468
123145
124051
130866
125170
128453
125540
134732
128121
133915
129570
129575
133485
133257
132786
132850
137328
134583
134878
134915
135761
135969
153
231
1727
1913
31759
1008
1435
2274
3856
6529
6686
8658
9624
13268
145
5408
33471
94832
929
2124
1433
7423
2105
2480
2875
581
597
1389
1752
2906
3542
3932
8130
19358
22138
22897
70431
4909
7461
1426
4137
4178
11014
19549
1575
4158
9199
94
2574
1213
1633
1648
1959
2318
2354
2613
3305
5279
6328
6505
6972
9620
11576
14453
16641
29334
36681
40058
41099
42479
43274
46098
4083
12133
25977
37884
40573
856
1172
2476
4051
6068
18311
15806
3948
509
554
761
1946
4338
5486
4756
31523
33080
33318
33688
301
1767
697
8714
45291
1413
2236
49543
175
2923
2292
14417
23779
25499
41522
53052
58090
60032
73084
169
979
411
20582
439
550
1453
2507
3258
5056
8431
9390
10753
21122
32115
37432
38177
40655
51720
52865
59916
60010
64563
65656
72071
77706
82834
87585
87606
90751
98226
104285
104935
105746
106930
118517
118823
123695
441
185
3738
195
31441
20418
14173
6564
57738
94736
19436
1223
48272
2828
11315
2612
2198
4523
11153
3269
9837
10730
1709
58927
2048
2401
16815
67639
35018
37622
39150
51231
942
1185
3112
25460
90083
2327
24965
25328
25822
37410
43787
71611
88386
88601
105326
54343
908
131833
6084
8094
18461
18499
58505
13159
4276
9776
59700
2493
68204
3231
2558
8406
5371
2673
2932
5852
6855
7546
10641
18465
25155
25237
25556
29955
32015
36290
43342
44023
44029
58661
62612
66462
68353
69625
75498
77593
78275
97310
101243
102213
105828
8150
18938
496
943
926
11778
62715
4553
3154
2468
17655
2317
636
20477
12322
9760
2199
2017
28683
121063
6181
9525
12142
28990
51537
51603
58882
100671
35630
39862
40844
46116
52353
67401
72631
122446
5037
17709
12600
2517
12195
35545
36264
1383
2038
1461
4188
4579
4786
6986
9078
22207
113274
901
1434
9239
33610
45237
98717
2182
20535
24986
4302
5441
6738
9646
78661
90684
31404
3079
4765
21086
2251
1094
14834
25301
46937
39798
18365
20270
1280
1205
23067
8067
1251
2398
21082
16581
3667
4107
13691
2110
2277
1399
69178
17348
5815
1669
1533
17102
8027
8336
9514
13550
15100
16065
19025
30801
57186
85379
11978
24520
24968
50429
62139
3279
13399
1733
27822
94200
111873
5653
37524
2264
5712
5551
18126
59686
61709
7446
3393
6198
2228
3566
9403
17203
23336
83758
6392
7560
11679
22262
23731
30337
31273
40738
42900
44215
45605
14219
63992
1768
14838
18573
18818
19234
19785
24218
24532
60314
93213
96548
2638
4199
8088
98730
124494
10629
37978
110913
2506
3728
26050
30937
72110
81814
81914
19066
26713
21975
23754
34010
50175
2872
7317
14514
16244
21699
69615
72503
37404
117006
2261
6560
60900
82323
84164
94323
94540
98255
77575
2996
27495
55889
2977
16977
7917
24835
68423
2891
11216
34493
136371
20609
10526
37510
105691
4736
12360
32528
37768
48368
52900
52927
57338
67227
70334
73996
74975
80826
92706
106751
107231
109776
2851
117709
97081
20211
6246
4480
10325
27585
36665
49776
80070
97504
132926
34426
31670
6374
17059
19508
25151
29805
29830
31461
55509
57322
64091
32306
2799
26263
49756
57755
3142
43834
91507
2912
10327
26897
32915
35101
58206
63069
80927
3338
20581
22713
30887
72082
40817
4542
24305
76450
3786
12510
12900
53487
3624
79559
3289
3298
21112
30026
94336
103175
108177
85892
74686
38805
100068
10031
23158
51973
87387
84796
7143
27166
34863
55900
69805
98728
106589
113074
125123
129325
130302
107528
23637
30543
17243
39158
6540
6667
9877
53150
3746
33990
80266
3837
42326
121182
72714
30477
10910
4049
40450
52666
6582
124266
4239
6685
8650
9128
9296
16034
36086
66350
84411
106177
118959
10449
30480
41960
43312
77262
15293
10282
11999
57780
22275
51454
4390
10576
44965
31641
5821
20816
5471
9413
24908
96185
8553
55182
34174
8134
17019
17473
38531
53723
54325
58354
60761
62226
71009
74065
83898
84382
84897
86873
88642
88992
90308
96734
96745
100754
101732
103028
108847
111874
114107
114730
124057
127965
131986
132623
134227
137247
58272
85164
39354
48768
120519
26648
38355
39260
69243
11875
17261
20062
21330
63363
65449
84635
85527
12406
18258
30791
20375
35698
40587
49874
57122
61749
113342
45218
26074
54747
57160
60058
37197
29631
38468
46509
62955
72047
86829
88243
92143
28656
92839
37463
53977
65265
95005
12822
14533
17991
27478
63449
101213
29686
38543
88637
48007
65188
8500
29972
31214
41812
49604
50695
65796
74825
79091
88669
106133
113574
114225
114466
128260
129769
130984
44368
12460
10670
7797
6377
28422
12299
30040
37162
40163
45251
55704
72266
93564
110861
111139
114184
10826
14699
93347
105385
53725
69108
55818
40824
27169
40544
19150
57693
8909
22541
24755
27476
28410
31162
15571
12029
71812
15648
59302
114510
7623
8730
25744
26446
28970
28991
29245
31377
33765
37016
46936
60218
70544
80552
87056
95145
98399
98516
79482
16033
26296
125019
61793
18202
101174
55876
49609
60640
72838
92654
113581
21276
52275
94478
24955
29743
36847
106456
8487
67614
50014
55544
35980
119791
8676
121444
31193
32312
96906
11689
14445
16824
18352
32172
8843
37925
44142
25132
69260
76032
77935
80040
84867
90088
90611
132017
18067
78211
39753
69585
85343
26372
17531
10542
111175
50819
25179
49154
102232
27041
20993
12765
13430
56717
59620
9702
9762
79855
11714
83052
89448
22978
49274
54307
19998
45949
26149
13690
11717
68469
114302
41505
94354
84907
82223
40579
47263
62804
26981
85531
19953
28535
77917
14069
19157
76183
11587
15042
18342
27315
27982
85839
20100
29624
97969
77570
11619
28172
37827
60066
93593
11338
31178
16362
63811
29735
21705
41727
54981
39028
95974
34738
94761
66969
39819
69753
55389
67437
80094
84755
85037
85131
88979
94491
97028
98279
102389
108486
112835
113283
124852
15322
39071
40065
73053
77544
80529
80885
81953
86034
86824
87754
90085
123670
127830
58441
80390
28187
90055
58127
60810
24442
37204
32206
69713
86831
50496
67249
78097
18981
19663
24309
44634
50877
51148
70445
94553
26536
14779
21593
81429
87836
27922
24982
103708
92341
46233
111027
29002
45343
81819
46095
57498
33597
72383
86974
130070
89560
14821
14968
54536
53295
105280
124905
125034
135002
15331
37177
65276
77902
80375
85230
95725
97422
101472
107759
111756
60180
80624
78287
20819
31920
69910
135978
42580
59560
46678
50064
77371
93250
108801
84901
20222
32611
77845
104219
27605
46413
19829
68527
90584
108052
17029
112347
91043
25387
17075
27685
22004
34377
104373
127055
36581
45985
60693
21232
67720
91017
100178
47525
108181
25183
78337
36025
42743
49499
49683
56651
54521
71666
55490
115624
53214
80773
72295
49473
19557
46525
78747
88615
26699
34062
51447
116337
28634
49226
56403
23796
32642
19250
56121
59284
96822
88044
34743
120164
44361
92094
117813
26385
28649
33760
35564
36215
36947
37046
114395
37751
82046
52581
32441
49813
45232
52638
54048
65609
21816
21834
28277
42255
59817
72605
79719
82624
87096
98049
98820
99541
33236
134027
93161
86012
22674
29514
50246
22833
47875
69863
68182
56616
60444
136188
122831
23758
23373
31362
44054
30413
30967
23828
83251
26779
24361
28776
40913
24863
29754
124271
53772
116916
97942
37035
77270
33644
25710
76957
95107
36929
62752
40891
75326
108157
34944
26491
27037
48270
59468
102037
107044
113924
110638
60835
83742
85571
86283
97874
104041
104679
104820
117491
122685
30107
81056
85022
27470
38316
95852
96090
118271
126330
132622
133121
85737
101276
46415
28562
121659
62277
70590
87738
30548
49051
29458
64626
89460
47293
57270
47130
89261
44530
103369
31048
115664
32475
44165
84213
32552
37735
80196
32179
103123
72448
91040
44721
79591
88011
116715
126429
41468
35626
70095
33148
41962
81341
67217
46729
33835
64964
35844
37679
45588
34623
41255
81370
51862
99788
119088
35163
57569
52765
53409
67766
106192
76179
92342
78493
81913
77841
80564
38745
43406
42496
117284
108223
96550
39089
87022
109691
89363
90424
39940
38200
85781
82752
47629
41015
50579
66022
90147
49068
95268
41039
113990
83879
41793
66749
61414
133521
45734
124686
126703
43023
43034
84911
91039
131840
50589
44055
73978
46078
44518
89361
103288
119000
80068
82528
95664
108162
120051
128162
96318
46967
125842
90795
97924
115455
89962
131998
51458
95394
48812
93373
49175
65536
53238
125906
100563
74919
104232
51122
80231
77684
59577
108464
88206
52228
53086
66410
74935
77985
78511
121059
88030
88042
104444
66911
107758
53286
115555
53744
98765
75477
125574
90727
99043
96926
74258
87334
64230
97277
76082
91782
129763
77281
109443
111566
73995
75584
76988
85475
107362
120385
132346
117141
124487
124824
125096
125486
127582
130719
74241
77119
57455
57751
68165
77484
82725
89963
115598
81126
63745
69923
86568
72521
91397
59283
94666
64689
59711
105393
114950
89607
94023
95506
108655
111957
60473
60567
76448
92355
64859
133772
118880
93255
64385
78809
83717
100397
82370
64712
64340
74082
66507
98398
103447
109948
74846
75590
65977
122397
75117
100973
126961
79224
121817
116081
69559
136676
79835
80208
69810
88312
89175
114881
77458
82106
94237
102373
117884
117975
127136
136771
79787
113330
113521
119929
120148
71256
130422
121946
95637
72810
119482
73486
73284
74855
77127
101058
89497
111752
112718
117105
93483
103186
108986
113293
124870
130601
132584
117882
119850
119582
83837
123192
79754
83617
80371
106903
103019
108090
87368
114308
82775
120487
93624
89445
87433
95754
88667
84709
107389
126645
87268
87498
134349
89867
137156
99905
127216
126843
90322
90616
111030
113926
125945
90893
115610
110947
96705
93811
115946
103887
134830
121503
101691
97060
95735
125828
101687
105241
97655
123712
124114
118078
100165
111264
111883
115966
108141
108524
109409
117966
119838
119874
125507
102011
108654
106810
105453
117947
129371
132192
110318
113348
111633
121962
117358
134082
123721
131928
126676
119018
124886
123706
127810
123848
135064
132995
31
59
88
146
191
225
284
338
415
432
494
1502
1776
2745
20
44
49
58
93
139
167
653
763
1130
1307
1840
2075
2088
2103
2304
2576
3159
3284
3609
3715
5750
5767
6472
8214
29665
38844
40922
92035
47
84
164
234
417
504
557
566
625
817
826
886
991
1000
1019
1033
1311
1632
1830
1927
2086
2300
2406
2477
2529
2596
3076
3369
3569
5476
6169
6179
7004
7806
8745
15902
16200
111708
466
4540
32
36
651
309
425
14878
514
1711
6983
35049
834
937
1042
1276
1521
1530
1667
1826
2118
2307
2724
50967
2172
2964
3453
11185
14224
38254
4114
7417
21174
81
501
666
871
1692
2045
2469
3006
3047
3352
3460
3700
3818
4217
6576
6878
7687
8256
8742
8968
9523
14861
17865
18320
26030
30709
41182
825
33802
37182
1806
111
1048
4504
7845
10227
11366
18492
1051
1341
1581
7083
26977
680
519
565
736
912
935
963
1164
1645
2044
2129
2420
2478
2501
2746
2764
2798
3133
3340
4456
4635
4970
5098
5400
6015
6344
6361
7121
8037
9067
9109
9526
12541
13074
13751
13769
17262
17829
17877
19614
21148
21446
21838
25500
25915
26298
31361
33817
35092
36226
42273
42997
53599
67907
69135
83743
98906
384
563
2119
2649
12643
27151
82591
1593
3532
4183
6043
14897
22430
22587
35089
37374
44990
89149
18698
112052
6275
22858
11901
8995
1370
1865
1876
2810
314
4750
25082
31487
33346
34652
37328
35766
827
614
38648
4517
5163
10692
12689
1080
2097
2136
2513
2332
814
4359
18620
41315
4572
75422
944
428
271
5398
55394
610
828
983
3169
3559
8870
12401
13352
14055
14598
24287
27560
29070
29087
32266
39331
46016
49393
61993
63122
63371
65158
69115
69874
73997
74457
77213
81210
82780
86722
96674
112675
122681
19168
87886
7127
2708
2139
2440
7527
945
1414
2905
3836
2483
1765
48032
1305
1500
1898
36038
41602
48751
2071
92282
115564
3839
129917
7392
1432
32267
41891
56456
63878
101978
3805
13409
2152
395
6858
53256
3697
6688
2813
4052
13674
17370
22244
25086
28978
33906
40782
42155
45119
45592
48373
49835
50918
67299
67878
86231
109210
129014
16672
4381
9511
52517
2860
1628
19621
1835
13251
2270
10108
120761
5115
45089
46986
657
9892
29678
4704
20960
22872
46687
1672
51365
9571
79840
12778
73211
85315
99251
1310
11528
60059
1135
7022
11168
12307
16122
6590
6740
7292
20096
4196
41951
43026
55546
66113
108824
115890
13810
12376
32784
965
1478
5934
7172
21113
61902
3841
1335
10434
102073
2265
6385
2927
36604
43821
120824
3051
1396
18135
23716
59306
36417
5728
2052
3961
23335
23217
69997
35871
8985
9704
30146
30899
4245
10420
61739
29952
31297
32617
43156
48616
22325
20723
35968
1783
101908
43241
10336
14763
31240
21473
15373
90539
124838
118564
17809
53224
71871
20057
15941
81959
19252
43587
3629
26096
42222
68106
77816
113519
49034
100054
9534
24663
25588
43052
61498
87088
95540
46187
19401
136175
43592
11488
9297
87533
121071
35208
19567
61076
64151
66218
79750
83449
101554
102155
114372
127089
132612
9355
17874
19518
27226
88906
3540
45551
60222
2944
3385
38719
22682
54552
23608
26552
27196
7769
23921
32243
99295
35937
11008
31869
22824
120855
87748
41983
47464
37106
38998
49948
74454
91250
100232
116402
14288
21285
25014
41497
42517
70936
24083
77050
110163
42815
13280
31838
44145
49202
114319
34198
60769
74562
56902
84099
6232
26773
36704
47819
16632
32790
95366
50333
58685
61429
18917
22141
40814
56964
58089
65599
73468
77574
90263
95993
96375
103978
104080
65079
103263
87687
51247
5124
48599
87485
59665
33671
103728
116764
101522
69839
47013
30411
114087
49893
78944
61323
18934
36936
72681
85672
49206
16533
107944
110478
9988
22423
82337
113814
7594
22820
26140
38201
68166
97806
92724
27180
68986
53400
10976
72046
71081
80768
81200
85479
109635
68045
9612
42292
35539
58048
102168
16125
42777
72917
25174
55391
76078
91966
25373
64690
63994
104126
54509
79352
104225
67038
41675
56028
70742
93971
100862
108094
37467
23519
74168
34034
85784
46616
32275
54056
101332
41890
21153
84502
81420
19529
55231
116605
65553
39125
58660
44836
40842
25450
51455
30822
88508
103041
117420
73947
58322
45953
92536
97110
76458
115052
37271
121734
53161
66328
90378
99795
88478
94835
102675
87850
127373
71470
117518
125346
70403
91747
121178
96854
112068
114083
131213
259
1948
750
1122
445
2054
3427
3501
3702
3947
4698
149
1221
1222
812
1649
2220
11932
5242
7814
9328
10258
34299
2351
1238
1201
1707
3939
5637
2829
2773
34561
3911
1169
980
1269
3526
52886
76673
4453
1093
1878
673
919
6401
4516
783
12285
9455
31378
10240
15649
34807
1022
4497
9164
45442
2815
3709
13534
91835
7379
13545
42977
45141
8537
4016
78348
34246
21073
102804
3078
89331
3701
19578
14199
39140
19744
89013
62648
87032
53612
24949
37477
47092
82756
9161
14023
15399
87742
103472
92606
136097
86030
61318
88908
62
107
157
1160
30
421
2346
46
1050
2279
2489
3059
3208
517
1288
12453
211
715
952
1459
6185
143
679
5188
2714
4819
12291
18295
9
21
103
293
829
24
1150
1014
8
