228
240
288
301
414
426
435
558
611
627
884
910
923
1062
1133
1139
1216
1899
2000
2002
2026
2466
2524
3448
4749
5036
5083
9179
9485
9808
11823
2
4
30
43
82
90
95
292
642
706
712
951
991
1053
1502
1503
2020
2529
2770
3084
3158
3489
3593
3658
3683
3921
4114
4155
4156
4319
4482
5059
6232
6235
6295
8740
8819
8844
8895
10172
12787
13060
13523
13538
14009
14588
15148
15863
15923
16196
16200
16752
17724
18538
19138
20098
21003
21005
217
10
18
23
31
58
110
142
158
196
215
223
224
230
233
236
237
255
259
277
334
340
355
405
441
452
456
459
473
532
572
615
639
679
733
734
799
811
934
941
1060
1210
1274
1282
1469
1488
1582
2013
2285
2338
2340
2416
2471
2494
2926
3001
3403
3416
3527
4178
4390
5104
5618
6143
6212
6436
6486
6639
7063
7386
7745
8818
8832
8972
9089
10445
10552
11268
11483
11718
11956
12089
12092
12093
12110
12134
12189
12190
12230
12269
12284
12378
12420
6
7
12
481
4437
152
337
613
737
2108
2575
3630
4021
4234
4254
6345
9792
13697
14231
19950
23280
8
21
37
45
2456
972
1027
298
331
347
431
438
583
586
697
742
775
784
807
842
852
869
947
955
960
973
976
978
985
1047
1110
1283
1304
1518
1533
2105
2170
2172
2176
2177
2185
2200
2277
2308
2334
2343
2362
2375
2420
2444
2610
2627
2661
2676
2774
2828
2897
2900
3016
3047
3067
3071
3145
3218
3251
3275
3348
3437
3478
3584
4204
4222
4795
4878
4891
4898
4906
4960
5932
5935
5936
5938
5953
5955
5956
5957
5958
5959
5960
5965
5968
5969
878
99
127
242
307
416
543
602
608
698
714
716
740
779
886
887
905
963
1082
1116
1198
1256
1287
1377
1576
1633
1878
1930
2047
2082
2173
2181
2182
2251
2268
2298
2317
2322
2344
2355
2404
2430
2479
2511
2540
2581
2742
2814
2827
2880
2942
3115
3143
3172
3178
3179
3185
3324
3378
3387
3393
3455
3476
3486
3596
3679
3906
4250
4376
4476
4499
4616
4763
4809
4927
4934
5211
6139
6418
7195
7414
8697
9025
9190
9242
9337
9819
10008
10013
10285
10352
10863
11409
14861
15647
15814
16816
18348
221
328
342
428
606
743
749
772
830
893
1077
1113
1145
1887
1938
2009
2191
2270
2271
2423
2488
2489
2507
2606
2640
2764
2940
3065
3093
3125
3333
3375
3430
3533
3861
3916
4306
4556
4817
4858
4925
4968
5196
5890
6118
6181
6431
6445
9525
9930
10021
10072
10615
10677
11530
11567
12579
12852
14201
14894
15053
15286
15611
15969
16838
16855
17102
18512
18587
20223
20369
21992
25266
25436
319
353
683
707
754
790
800
1065
1163
1202
1278
1494
1609
1680
1944
2218
2418
2469
2539
2894
3112
3273
3357
3383
4445
4541
5731
5986
6186
6428
6661
6863
6907
7095
7216
8248
9603
121
124
247
250
304
310
442
511
521
550
584
590
600
688
693
710
907
908
957
1004
1085
1090
1094
1140
1170
1220
1354
1487
1933
2008
2055
2160
2204
2237
2281
2313
2468
2522
2531
2587
2639
2730
2788
2799
2845
2859
2877
2935
2967
2972
3027
3056
3075
3089
3120
3130
3236
3240
3241
3344
3367
3401
3410
3468
3498
3535
3641
3862
3878
3909
3925
3965
4036
4080
4142
4193
4201
4277
4509
4510
4648
4744
4770
4773
4793
4799
4844
4944
4979
5024
5108
5158
5187
5213
5307
5871
5917
5973
6039
6217
6243
6247
6265
6308
6318
6382
6809
6918
7550
7911
8346
8526
8669
8816
9046
9492
9734
9988
10029
10045
10073
10382
10404
10453
10461
10501
10604
10664
10783
10834
10967
11119
11299
11730
11750
12610
12769
13488
14196
14350
14550
15376
15414
15469
15711
16338
16419
16799
16900
17118
17524
18358
18903
19009
19440
19958
20377
20419
21273
21332
21425
3835
2460
14659
97
104
105
113
119
216
226
245
306
320
326
361
362
375
410
484
541
546
564
568
578
593
595
631
633
636
655
704
719
732
815
821
822
849
859
895
919
921
979
995
999
1031
1071
1080
1120
1137
1142
1192
1194
1226
1269
1285
1289
1427
1492
1514
1523
1525
1526
1528
1542
1612
1615
1626
1694
1696
1698
1709
1884
2006
2139
2206
2222
2250
2477
2492
2493
2515
2534
2552
2558
2564
2633
2654
2662
2678
2705
2715
2723
2724
2727
2767
2820
2830
2843
2893
2909
3029
3064
3126
3153
3187
3249
3276
3284
3362
3491
3548
3565
3567
3611
3625
3695
3701
3833
3937
4040
4272
4417
4446
4727
4781
4794
4828
5057
5085
5123
5257
5446
5861
6085
6191
6609
6792
6813
6985
7011
7031
7074
7449
7488
7885
7984
8299
8501
8569
8579
8626
8968
9174
9181
9211
9504
9866
9926
9934
9980
10068
10087
10170
10175
10200
10203
10219
10236
10240
10254
10255
10265
10316
10344
10348
10350
10356
10383
10397
10409
10429
10460
10470
10478
10480
10511
10512
10535
10561
10592
10598
10603
10627
10663
10674
10685
10687
10708
10727
10746
10749
10785
10820
10862
10867
10890
10892
10901
10913
46
47
55
15993
276
114
125
258
268
285
325
536
552
563
629
814
817
833
856
900
983
1144
1211
1218
1390
1410
1593
1594
1957
2439
2635
2658
2759
2776
2795
2852
3051
3119
3382
3643
3690
3765
3803
3820
3961
4144
4755
5043
5200
5254
6305
6547
6732
7423
7523
8212
8229
8366
8386
8447
8551
8598
9143
9608
11716
13260
13640
15184
15295
16695
17274
17461
17718
19196
19750
20247
20531
20900
24185
2598
1019
3899
101
339
360
453
464
479
556
570
662
667
690
773
819
853
897
968
1011
1057
1101
1227
1347
1351
1385
1440
1474
1480
1624
2153
2227
2234
2644
2650
2663
2790
2977
3062
3114
3262
3269
3556
3597
3741
3812
3840
3908
4009
4049
4183
4197
4745
5380
5422
5996
6006
6798
7020
7060
7223
7260
7338
7356
7415
7507
7542
7629
7638
7670
7755
7777
7876
7930
8041
8051
8072
8141
8148
8213
8434
8444
8492
265
272
278
560
725
766
797
855
914
1248
1567
1591
1941
2039
2144
2145
2303
2618
2631
2666
2667
2677
2692
2713
2717
2718
2732
2746
2773
2787
2836
2885
2920
2930
2957
2968
2970
2984
2999
3000
3034
3036
3037
3044
3073
3074
3100
3133
3149
3162
3192
3199
3233
3246
3259
3299
3300
3303
3325
3334
3337
290
291
350
387
747
763
792
943
1008
1009
1164
1562
1572
1882
2033
3708
3748
4015
4094
4159
4367
4403
4713
4967
5116
5358
5359
5365
6493
8637
8641
8652
9572
9693
10970
11095
11167
11198
11199
11455
12564
12777
12874
13464
13468
13595
14037
14596
16079
16143
17754
18498
18524
19600
19645
20232
20553
20869
23169
23925
24157
24165
24748
625
14832
102
2166
10066
14749
1876
24507
9919
12503
108
913
20518
931
117
847
4022
1058
123
1006
3857
4006
4163
12618
15913
1550
832
244
345
668
669
875
1298
1348
1379
1387
1436
1462
1463
1482
1614
1935
2345
2350
2351
2399
2401
2426
11724
16128
18787
20706
24710
24925
551
870
938
5067
9274
18490
18643
23137
795
3563
6319
9075
10098
21030
1577
12767
400
2070
3480
3569
5214
8655
9928
16280
16738
16884
17915
18121
18631
18781
19145
1073
3680
3687
3725
4474
4868
4879
9735
12888
14481
15336
19376
14444
9407
5880
8997
9564
11703
13362
15670
17298
20051
25355
4857
5064
8958
9003
9028
9060
9119
9123
660
13913
19322
19345
802
803
970
1088
1105
1327
1408
1481
2151
2474
3623
4046
4392
4618
4768
4788
5408
5830
5852
6551
8679
8725
9501
9711
10129
11437
11649
11681
12480
12826
12977
14363
15468
16478
17293
17550
18022
18042
18972
22190
23012
23549
412
671
949
1305
1311
1312
1314
1319
1320
1323
1324
1335
1369
1371
1373
1397
1398
1409
1431
1449
1456
1459
1460
1464
1467
1468
1473
1478
4702
5476
597
646
882
5229
5708
722
729
810
1496
3552
4129
5029
8716
13664
13956
14107
14115
4414
577
18449
22691
24834
254
282
284
443
507
514
8660
8663
756
1002
1254
1669
1671
1949
2240
2555
4153
4401
4405
4624
6605
9557
9812
13005
13171
13216
13329
13703
14491
16871
17100
17821
18597
18775
20396
20578
20587
789
917
2448
3637
4042
5250
5749
6173
8752
9530
11155
11456
13758
19271
19504
22149
22760
24156
24159
296
1707
356
1595
2550
5909
6254
11541
13457
14336
15962
16797
17485
17587
17655
311
315
4539
2282
1928
4532
4533
4547
4550
4554
4557
4561
4563
3818
1716
1778
1795
1802
1807
1838
1861
3757
4185
6009
15126
17917
22026
2263
13904
18518
14943
494
15433
4577
363
620
13757
8662
402
4666
5766
5792
5797
5807
702
9251
768
1280
1660
2239
4397
5143
11145
12986
13221
20947
21723
566
6316
862
22830
15121
418
419
1070
738
5355
4068
6031
11580
11587
11594
24635
888
8828
437
10025
18488
561
5828
5835
5838
5840
5845
5851
863
1180
1231
4380
4696
5726
6121
12674
14977
15535
16833
18293
22172
2357
2365
2378
2382
1911
9521
14366
20885
4912
8656
8665
8673
4913
15930
1596
10090
1603
5435
5883
13052
15026
16001
16204
5163
6613
9171
13892
16013
19859
21969
9704
5165
2241
14458
954
9279
13811
14681
14683
939
1522
2110
3773
4443
4851
4883
6224
9542
9596
9745
11382
11860
12679
12933
15605
16137
16492
16911
18115
18281
21614
24902
1700
13470
16649
19164
3787
11847
13134
624
16747
20335
9643
20037
658
928
4224
4678
4947
9708
9848
12988
13435
14514
16869
19674
20171
22443
22953
23167
26224
26342
619
14347
12562
16316
3815
5128
771
1508
1589
3771
4901
4932
6150
6354
13604
14217
16543
643
13218
13943
6301
649
20061
14920
21881
18718
15489
22677
1028
14086
20420
24042
16843
21152
6637
11828
13856
18186
13952
14809
700
20418
22707
1531
1610
3474
5069
11454
13980
16081
20173
4330
9184
18533
718
728
21998
20016
1204
5915
6068
6293
9940
13448
14155
14636
18162
19289
21040
23387
24802
1251
2503
3888
6280
9870
9927
9936
9970
9974
9983
10065
3801
3817
3918
4135
4767
4792
4811
4812
4820
4823
4834
4864
4870
4889
4924
4928
11728
16094
16409
23874
1681
3709
3766
4139
11140
11641
12634
13084
16174
16190
16208
16229
5046
14892
18527
757
9200
3753
4267
3523
9479
781
20804
3859
12953
13928
3953
5366
6482
8871
12477
14614
25223
8853
8893
1022
4126
13086
15958
19985
867
6189
9697
13508
13925
16642
20563
25776
14842
805
808
1995
3546
1588
1692
3715
3732
4302
5868
6545
10116
11181
14890
15566
19766
21014
5135
5080
6214
9497
13010
18100
18389
9830
9833
25668
5927
12871
13626
858
22238
11520
24984
12740
12749
12755
12604
13767
16727
24472
24556
24558
24561
15410
5441
2517
3414
6081
9868
11625
13818
13820
16495
16499
19181
3728
4066
11032
16804
1172
2084
926
15174
930
2498
3831
6051
6071
20338
20360
1998
5034
6435
8720
15833
18922
13068
14035
14592
16309
4483
2545
1927
6362
5426
18222
6582
6585
5371
11037
4203
988
25330
998
3572
14377
24083
1016
10932
13872
3850
3853
16282
15724
14882
15591
16398
16897
1069
1690
5124
10978
10993
18580
23888
1674
1925
3941
4209
4631
5198
13163
13165
13172
13185
13188
13196
13203
13209
13217
13230
13236
17105
4491
3443
2163
13571
2134
6156
14070
14079
1167
20524
1955
2147
4422
5891
6099
8755
10976
13529
13531
13711
14361
1174
18015
1191
1207
2283
3839
3823
6256
24810
1265
2188
14033
11578
8796
11898
6089
16296
2231
4005
4407
9487
6356
15003
16860
23412
2571
11228
16116
19246
3588
20434
22859
11713
2537
6194
11482
4205
14416
2130
4432
13700
1578
4999
9678
13940
5234
11149
14288
20777
1616
1635
1652
1657
1658
1659
1665
1666
1675
12510
3752
4747
3743
4173
5041
9394
12630
19281
1703
14929
16122
13120
3797
2506
6424
9264
11834
15618
19268
14658
6342
13485
5394
6291
16099
18947
14359
1959
1996
9752
12593
20801
22993
8737
5061
9552
10125
2066
4024
11125
13242
14449
16820
18633
2080
18131
2142
2149
2167
2264
8830
17978
4722
16597
24846
3774
11551
16179
20296
6335
15386
6470
13255
11387
20748
22941
4471
4161
5120
14063
14066
9586
9598
18882
14420
11131
19291
13584
8813
20835
12834
23371
2557
4716
2573
6103
8802
5348
5420
14619
3522
17741
21909
18276
24719
21874
3848
14119
6282
6109
12902
12904
12905
12908
20810
6134
11193
6599
21566
22808
22924
25459
24938
3723
11239
21635
22177
12500
11468
22801
15265
19520
6596
3578
3582
9416
4113
12549
14599
22867
24817
3632
3716
4310
3951
20557
4211
6625
12514
10114
13297
14427
6059
4171
18738
21075
3864
3866
3874
24466
4329
4342
8804
8764
25043
13691
25602
8701
4165
25336
9234
4223
15289
14712
18720
4333
4335
5885
10110
6104
10924
4662
19305
4410
4435
12711
8838
12859
8823
16345
19669
13147
19632
19636
11654
11101
14476
23256
11493
16824
12527
17766
21949
10938
13912
20640
24981
21933
6107
5443
5743
16825
12494
9834
13031
13424
16847
21697
6170
20285
22099
15684
16549
22698
17829
21642
12612
19249
16165
14540
16112
19659
22287
14136
21089
19847
22008
16138
22074
23162
18259
15317
23771
15987
20855
18240
25262
11755
13455
18466
12605
14492
22358
19134
16662
17096
23250
13708
19744
14578
15049
21579
15379
19205
18367
22282
22548
22460
24123
22995
24501
3
12846
9073
12019
12248
12363
12406
23916
10357
1247
1516
2315
3155
4623
11010
524
4438
5184
5733
6328
9560
10069
10998
11474
11558
19540
3759
2710
1147
6164
6556
7617
8511
25394
379
385
2480
2567
3257
3374
4242
4929
5053
6216
6332
10044
10355
10682
10990
13990
15783
20048
20065
21337
21355
21359
21453
21491
21504
993
1497
2436
2856
3343
3460
3697
4229
4348
4644
5092
5857
7250
7525
8575
9202
9990
10040
10286
10313
10322
10335
10483
10557
10600
10625
10695
10729
10759
10825
10851
10891
10902
1108
3789
5716
6003
11088
11147
11890
12709
13141
13275
15798
16262
16692
16751
16773
17048
17219
17870
24040
24251
20148
445
777
1200
1214
1565
2136
2527
2951
4518
5003
5272
5352
5728
6868
6913
6976
6981
7003
7049
7096
7117
7262
7290
7314
7340
7512
7763
7769
7779
8092
8215
8382
8385
8550
8604
2279
2601
2686
2869
2870
2876
3023
3140
3353
3730
14891
15378
19068
25227
23398
6163
3432
8771
14374
19494
1268
11796
12512
15799
19278
20615
21872
24876
107
109
9344
116
1096
11417
143
638
1535
2029
2369
12632
22702
23615
8774
17822
23803
25645
9948
18804
23884
11353
24941
21183
14958
5188
6430
9932
19703
1636
4309
4408
11324
12636
14123
25366
18809
6561
9718
11613
14757
15041
21055
24110
25482
25509
8959
8982
9017
9059
9141
9142
1953
2274
4354
4690
5007
9546
11298
11462
11508
11899
12997
15854
17159
17311
18621
19017
19837
22049
22886
23153
23657
232
1372
1395
1396
1399
1419
1424
4838
5677
1586
11939
23400
21960
15416
23192
15327
6297
1189
575
1244
3400
3422
8879
14053
14923
16236
3935
12794
19224
851
4179
5146
13569
13986
15284
16253
16954
17214
17439
17508
17522
17533
17585
17663
17677
17699
4558
9243
3973
1025
13442
24934
336
4411
5753
23033
24952
2406
538
12631
15028
492
8661
15441
3421
19953
5106
6172
18754
403
5756
13694
22062
16423
20708
18835
11581
478
5855
760
14642
15310
17880
19764
873
2320
2330
2359
2391
18542
15926
17042
15225
8657
8671
15937
20613
16714
5908
11465
25931
16234
1645
23214
6313
16920
25028
9284
9297
15754
13806
573
1548
9601
12644
14478
15860
16036
21891
22533
24907
13081
579
12766
10006
1196
19258
599
17810
14146
15674
20007
20054
22897
24189
25208
19583
6535
21973
24895
25158
647
3585
16414
16881
20063
10992
11745
6309
12961
8690
17762
19773
22669
681
2089
23907
13307
18559
14043
14783
19756
709
14699
15809
21853
11380
20430
20867
6341
735
14197
15980
18069
20977
21052
22555
26235
9942
9958
9982
4779
4909
18442
19146
16949
11948
16213
758
764
769
26042
5325
9432
9459
8783
14249
14273
6466
18979
22378
22844
8845
16513
11806
16517
16887
18496
19881
18897
22739
13402
838
15051
12573
14056
22342
4385
19233
9169
24580
19575
15769
18778
16817
5173
14517
8639
9882
15565
4230
11893
13844
1294
2050
3675
15187
20988
21111
21600
23313
9218
15163
25314
6069
17896
4672
11041
11220
15964
19424
945
953
4394
6385
17113
11790
18194
17860
6570
6594
997
14549
6559
14526
11305
1032
26082
13862
15721
15735
1056
6550
15564
15169
16397
19730
25081
11440
12955
13181
13206
11133
19280
17733
23248
1123
1161
11371
11619
13927
20464
20476
20511
3571
9212
15868
15871
3602
1230
1232
13896
25134
1264
4636
13968
8794
1292
9842
16118
21148
4162
6447
6357
3590
4025
18107
15521
17798
25659
11714
14138
13858
3710
21546
5013
23152
5292
24805
18104
18110
18113
4098
13518
16485
5235
22153
21923
19725
6180
11674
1639
1668
6160
6000
15312
1890
6415
9801
21931
4465
15581
24703
13601
20126
4000
5139
17925
13428
18969
10917
19650
1978
21092
20600
13673
2017
11458
2028
2036
3419
14307
14309
2041
22807
14506
11690
2075
15949
2085
2088
18172
15680
2178
13316
17954
5072
19933
2225
11191
22255
2261
15555
2305
20415
12555
16040
16050
9916
11692
2546
9577
9594
9600
19112
20204
4428
20795
6452
15997
22244
5281
11794
2438
2452
9771
16520
11221
14698
23880
24704
25710
2481
2483
3529
25193
23372
14895
14906
4077
4244
12685
15895
3825
3540
4686
11445
19318
5393
5423
20302
11419
4038
16615
23362
21587
14731
12525
3984
24115
24720
18791
15263
14169
11513
20180
15804
5976
10947
23788
12774
16113
22040
21713
9408
11024
9533
14291
15543
21177
4386
18355
13039
4270
10942
11366
18334
15172
21887
4671
22293
22584
19293
17126
11536
22410
21187
15978
5096
5101
19389
9258
21686
24078
14498
3386
3409
9187
16651
3412
5286
23837
3461
19714
11237
19048
3525
13477
3544
19647
18834
3927
5147
16020
19690
3763
16878
3795
12869
20021
19248
3858
4633
3893
12721
13627
3910
3946
12577
5863
3998
11161
9615
17907
20552
14445
11226
14580
21690
11033
14001
12545
20130
23425
16957
5236
21938
16077
15155
4458
9559
9685
18819
16910
19891
4714
4730
9618
20352
18366
13665
4994
11377
16264
11476
20307
24595
24430
19241
5058
11403
5122
13676
23805
18822
6105
9748
14292
18391
19616
5369
23838
15320
18076
18096
13318
15950
19012
5729
20436
12697
18305
24795
26097
9840
13375
6036
6079
12789
15082
15818
9845
22827
25311
17898
12900
25968
11415
18623
22860
19806
18331
13478
14972
14042
24614
13692
18184
19458
22757
8759
8766
17060
25061
15845
20619
14343
9411
24550
19618
9701
22016
9810
9814
22938
21095
19697
10133
15619
18612
17110
21543
18310
14602
16578
11200
19136
11737
12692
20427
18568
14428
19015
18924
20975
15966
12720
18540
14944
23901
14736
22357
14452
16479
22055
14334
15789
15355
14881
15228
15291
15626
19108
26035
16308
16994
16576
19822
22800
19954
17939
20085
19237
24533
25369
24478
25670
20743
20746
21760
24756
24493
964
2015
2501
6314
11627
14515
16232
489
505
825
958
3279
4061
5913
6409
6505
7326
8225
10169
10612
10905
12007
12008
12035
12061
12156
12179
12337
219
956
2215
7892
18888
936
952
1940
2841
2994
3123
3129
3227
3479
4289
4910
4915
4917
5942
5964
872
2091
2413
2422
2510
2636
2781
2857
2919
3221
3281
3307
3321
3346
4643
4840
4964
13289
17031
19900
2597
3336
4825
4852
4956
4988
5194
6027
9854
10089
10699
11693
12884
13018
14720
15995
17041
19683
19955
1389
1553
4992
5025
5238
6822
7552
8349
11142
13372
440
902
1152
1457
1510
1559
2010
2309
2665
2938
2985
3052
3302
3459
3495
4316
4658
4790
6451
6458
6606
7079
8057
9156
9245
9894
9949
9961
10183
11016
11034
12971
13393
13492
14180
15000
15996
19791
21173
21300
21379
785
1429
1538
2072
2337
2590
2634
2657
2849
2851
2928
3035
3059
3270
3295
3577
3957
4075
5395
6145
6420
7015
7453
7492
7690
7800
8384
10030
10157
10158
10176
10238
10321
10419
10439
10531
10584
10590
10619
10689
15239
843
1564
2123
2583
2681
4062
6755
8027
9018
16332
16696
17339
18584
24242
1206
1318
1331
2373
2874
3837
3939
4685
4806
5834
6682
6871
6888
7097
7187
7511
7571
7666
7696
7998
8338
8355
8380
623
741
2607
2638
2733
2858
2863
2875
2881
2931
2939
2949
3048
3142
3204
3252
3311
3726
13462
13949
13976
19500
24170
24940
11141
14285
15865
8647
13471
4011
16503
19619
18928
1034
1301
1316
1350
1361
1438
2174
2383
2411
2415
2417
3395
11539
20243
18808
2565
3539
18381
18812
214
3475
3698
14253
16688
2023
3727
3827
9964
14007
14158
15601
5720
8933
13285
11398
13266
17103
10936
13909
13959
16801
344
1303
1338
1352
1358
1368
1401
1452
3793
3614
275
15097
455
5998
20589
16592
313
14545
4540
1824
19361
4824
6289
15763
2363
13798
12566
420
429
5831
2376
4896
16740
16560
544
2038
19546
9305
1549
2519
22035
9828
691
4515
3775
15955
663
665
14723
15314
16199
18349
5305
8734
5284
4782
4926
4986
6538
11014
4184
10146
20094
14367
4073
3903
12496
19664
2482
19238
6210
22875
14974
20683
12827
11496
16376
3627
13229
20022
14084
11157
2098
16135
15819
11467
9875
6514
11700
15961
15461
19832
11420
19885
4044
1701
16277
10109
2475
14732
15154
4699
15343
8812
14932
5373
18889
15552
3870
20349
22849
3892
22143
4340
6193
16553
9531
11797
16593
11231
19359
19994
8751
447
4867
13622
14653
7619
21275
10831
2321
19963
8705
1952
13794
4731
12684
824
22112
2103
11158
11497
3613
11229
19531
8750
17078
14486
18187
6352
8835
4269
11886
24122
15959
18863
14181
14835
19191
19995
2927
4835
13792
5827
2051
4922
1205
20973
2054
20339
3327
10311
10869
7251
4784
13645
14075
1296
1299
9197
9198
22163
18040
16506
16685
11644
15369
5347
16507
12855
13643
